1913456.1633875319
1913456.1633875319
1913456.1633875319
1913456.1633875319
1913456.1633875319
1913456.1633875319
1913456.1633875319
1913456.1633875319
1913456.1633875319
1913456.1633875319
1913456.1633875319
1913456.1633875319
1913456.1633875319
1913456.1633875319
1913456.1633875319
1913456.1633875319
1913456.1633875319
1913456.1633875319
1913456.1633875319
1913456.1633875319
1913456.1633875319
1913456.1633875319
1913456.1633875319
1913456.1633875319
1913456.1633875319
1913456.1633875319
1913456.1633875319
1913456.1633875319
1913456.1633875319
1913456.1633875319
1913309.2416479567
1912808.4979978586
1911704.942458826
1909376.5493280888
1905744.5882907354
1900091.1510971724
1890879.7911547483
1874976.6552871552
1845307.6450465368
1783225.88429868
1655901.9981420964
1475661.1200934828
1249460.5823149134
995834.7670881869
742124.8304442416
573249.6643168583
467667.74521387834
392052.62501298013
334584.4241882804
289336.40369826
252833.77195831836
222846.20715533066
197854.59155821713
176779.66528602198
158829.98050113698
143410.54628052388
130064.96436521152
118437.23351763525
