 56    3.484504 1.311E-43 5.835E-09.08030.087 6131.47920.76-.000479              3              3                    R  0      47566310 8 5 5 1 8    36.0   12.0
 56    3.515925 6.920E-39 1.698E-08.08030.087 4112.25880.76-.000479              2              2                    R  0      67566310 8 5 5 1 8    36.0   12.0
 56    3.547348 2.868E-34 3.443E-08.08030.087 2068.45200.76-.000479              1              1                    R  0      67566310 8 5 5 1 8    36.0   12.0
 56    3.578774 1.125E-29 5.861E-08.08030.087    0.00000.76-.000479              0              0                    R  0      67566310 8 5 5 1 8    36.0   12.0
 56    6.968880 1.020E-42 5.591E-08.07570.081 6134.96370.75-.000245              3              3                    R  1      47566310 8 5 5 1 8    60.0   36.0
 56    7.031722 5.390E-38 1.628E-07.07570.081 4115.77470.75-.000245              2              2                    R  1      67566310 8 5 5 1 8    60.0   36.0
 56    7.094569 2.234E-33 3.303E-07.07570.081 2071.99940.75-.000245              1              1                    R  1      67566310 8 5 5 1 8    60.0   36.0
 56    7.157421 8.766E-29 5.623E-07.07570.081    3.57880.75-.000245              0              0                    R  1      67566310 8 5 5 1 8    60.0   36.0
 56   10.453002 3.291E-42 2.016E-07.07120.077 6141.93250.74-.000058              3              3                    R  2      47566310 8 5 5 1 8    84.0   60.0
 56   10.547266 1.740E-37 5.877E-07.07120.077 4122.80640.74-.000058              2              2                    R  2      67566310 8 5 5 1 8    84.0   60.0
 56   10.641536 7.214E-33 1.193E-06.07120.077 2079.09400.74-.000058              1              1                    R  2      67566310 8 5 5 1 8    84.0   60.0
 56   10.735813 2.830E-28 2.031E-06.07120.077   10.73620.74-.000058              0              0                    R  2      67566310 8 5 5 1 8    84.0   60.0
 56   13.936743 7.321E-42 4.933E-07.06770.074 6152.38550.740.000091              3              3                    R  3      47566310 8 5 5 1 8   108.0   84.0
 56   14.062427 3.875E-37 1.441E-06.06770.074 4133.35370.740.000091              2              2                    R  3      67566310 8 5 5 1 8   108.0   84.0
 56   14.188121 1.607E-32 2.926E-06.06770.074 2089.73550.740.000091              1              1                    R  3      67566310 8 5 5 1 8   108.0   84.0
 56   14.313824 6.303E-28 4.985E-06.06770.074   21.47200.740.000091              0              0                    R  3      67566310 8 5 5 1 8   108.0   84.0
 56   17.419974 1.318E-41 9.798E-07.06510.071 6166.32230.740.000206              3              3                    R  4      47566310 8 5 5 1 8   132.0  108.0
 56   17.577080 6.986E-37 2.869E-06.06510.071 4147.41610.740.000206              2              2                    R  4      67566310 8 5 5 1 8   132.0  108.0
 56   17.734197 2.898E-32 5.831E-06.06510.071 2103.92360.740.000206              1              1                    R  4      67566310 8 5 5 1 8   132.0  108.0
 56   17.891326 1.136E-27 9.939E-06.06510.071   35.78580.740.000206              0              0                    R  4      67566310 8 5 5 1 8   132.0  108.0
 56   20.902570 2.061E-41 1.707E-06.06320.069 6183.74230.740.000294              3              3                    R  5      47566310 8 5 5 1 8   156.0  132.0
 56   21.091097 1.095E-36 5.012E-06.06320.069 4164.99320.740.000294              2              2                    R  5      67566310 8 5 5 1 8   156.0  132.0
 56   21.279638 4.542E-32 1.020E-05.06320.069 2121.65780.740.000294              1              1                    R  5      67566310 8 5 5 1 8   156.0  132.0
 56   21.468191 1.781E-27 1.740E-05.06320.069   53.67720.740.000294              0              0                    R  5      67566310 8 5 5 1 8   156.0  132.0
 56   24.384403 2.908E-41 2.719E-06.06180.068 6204.64480.750.000359              3              3                    R  6      47566310 8 5 5 1 8   180.0  156.0
 56   24.604351 1.548E-36 8.009E-06.06180.068 4186.08430.750.000359              2              2                    R  6      67566310 8 5 5 1 8   180.0  156.0
 56   24.824315 6.427E-32 1.632E-05.06180.068 2142.93750.750.000359              1              1                    R  6      67566310 8 5 5 1 8   180.0  156.0
 56   25.044294 2.519E-27 2.786E-05.06180.068   75.14530.750.000359              0              0                    R  6      67566310 8 5 5 1 8   180.0  156.0
 56   27.865345 3.788E-41 4.054E-06.06060.066 6229.02920.750.000405              3              3                    R  7      47566310 8 5 5 1 8   204.0  180.0
 56   28.116714 2.022E-36 1.199E-05.06060.066 4210.68860.750.000405              2              2                    R  7      67566310 8 5 5 1 8   204.0  180.0
 56   28.368102 8.398E-32 2.447E-05.06060.066 2167.76180.750.000405              1              1                    R  7      67566310 8 5 5 1 8   204.0  180.0
 56   28.619506 3.291E-27 4.180E-05.06060.066  100.18960.750.000405              0              0                    R  7      67566310 8 5 5 1 8   204.0  180.0
 56   31.345270 4.621E-41 5.747E-06.05950.065 6256.89460.750.000435              3              3                    R  8      47566310 8 5 5 1 8   228.0  204.0
 56   31.628060 2.475E-36 1.707E-05.05950.065 4238.80530.750.000435              2              2                    R  8      67566310 8 5 5 1 8   228.0  204.0
 56   31.910871 1.028E-31 3.490E-05.05950.065 2196.12990.750.000435              1              1                    R  8      67566310 8 5 5 1 8   228.0  204.0
 56   32.193701 4.029E-27 5.969E-05.05950.065  128.80910.750.000435              0              0                    R  8      67566310 8 5 5 1 8   228.0  204.0
 56   34.824051 5.334E-41 7.829E-06.05860.064 6288.23990.750.000453              3              3                    R  9      47566310 8 5 5 1 8   252.0  228.0
 56   35.138262 2.866E-36 2.337E-05.05860.064 4270.43340.750.000453              2              2                    R  9      67566310 8 5 5 1 8   252.0  228.0
 56   35.452496 1.192E-31 4.788E-05.05860.064 2228.04070.750.000453              1              1                    R  9      67566310 8 5 5 1 8   252.0  228.0
 56   35.766751 4.668E-27 8.199E-05.05860.064  161.00280.750.000453              0              0                    R  9      67566310 8 5 5 1 8   252.0  228.0
 56   38.301560 5.866E-41 1.032E-05.05770.063 6323.06390.750.000459              3              3                    R 10      47566310 8 5 5 1 8   276.0  252.0
 56   38.647192 3.165E-36 3.099E-05.05770.063 4305.57170.750.000459              2              2                    R 10      67566310 8 5 5 1 8   276.0  252.0
 56   38.992849 1.317E-31 6.364E-05.05770.063 2263.49320.750.000459              1              1                    R 10      67566310 8 5 5 1 8   276.0  252.0
 56   39.338529 5.155E-27 1.091E-04.05770.063  196.76960.750.000459              0              0                    R 10      67566310 8 5 5 1 8   276.0  252.0
 56   41.777670 6.178E-41 1.325E-05.05690.062 6361.36550.740.000456              3              3                    R 11      47566310 8 5 5 1 8   300.0  276.0
 56   42.154724 3.348E-36 4.002E-05.05690.062 4344.21890.740.000456              2              2                    R 11      67566310 8 5 5 1 8   300.0  276.0
 56   42.531804 1.394E-31 8.241E-05.05690.062 2302.48610.740.000456              1              1                    R 11      67566310 8 5 5 1 8   300.0  276.0
 56   42.908909 5.456E-27 1.415E-04.05690.062  236.10810.740.000456              0              0                    R 11      67566310 8 5 5 1 8   300.0  276.0
 56   45.252255 6.257E-41 1.663E-05.05610.060 6403.14310.730.000447              3              3                    R 12      47566310 8 5 5 1 8   324.0  300.0
 56   45.660730 3.407E-36 5.055E-05.05610.060 4386.37360.730.000447              2              2                    R 12      67566310 8 5 5 1 8   324.0  300.0
 56   46.069233 1.420E-31 1.044E-04.05610.060 2345.01790.730.000447              1              1                    R 12      67566310 8 5 5 1 8   324.0  300.0
 56   46.477763 5.555E-27 1.795E-04.05610.060  279.01700.730.000447              0              0                    R 12      67566310 8 5 5 1 8   324.0  300.0
 56   48.725188 6.112E-41 2.045E-05.05530.059 6448.39540.720.000431              3              3                    R 13      47566310 8 5 5 1 8   348.0  324.0
 56   49.165084 3.346E-36 6.265E-05.05530.059 4432.03430.720.000431              2              2                    R 13      67566310 8 5 5 1 8   348.0  324.0
 56   49.605010 1.396E-31 1.297E-04.05530.059 2391.08710.720.000431              1              1                    R 13      67566310 8 5 5 1 8   348.0  324.0
 56   50.044964 5.458E-27 2.234E-04.05530.059  325.49480.720.000431              0              0                    R 13      67566310 8 5 5 1 8   348.0  324.0
 56   52.196341 5.773E-41 2.473E-05.05450.059 6497.12060.710.000411              3              3                    R 14      47566310 8 5 5 1 8   372.0  348.0
 56   52.667658 3.179E-36 7.637E-05.05450.059 4481.19940.710.000411              2              2                    R 14      67566310 8 5 5 1 8   372.0  348.0
 56   53.139007 1.327E-31 1.587E-04.05450.059 2440.69210.710.000411              1              1                    R 14      67566310 8 5 5 1 8   372.0  348.0
 56   53.610386 5.189E-27 2.737E-04.05450.059  375.53980.710.000411              0              0                    R 14      67566310 8 5 5 1 8   372.0  348.0
 56   55.665588 5.282E-41 2.946E-05.05380.058 6549.31690.700.000387              3              3                    R 15      47566310 8 5 5 1 8   396.0  372.0
 56   56.168326 2.927E-36 9.175E-05.05380.058 4533.86700.700.000387              2              2                    R 15      67566310 8 5 5 1 8   396.0  372.0
 56   56.671098 1.224E-31 1.913E-04.05380.058 2493.83110.700.000387              1              1                    R 15      67566310 8 5 5 1 8   396.0  372.0
 56   57.173901 4.781E-27 3.307E-04.05380.058  429.15010.700.000387              0              0                    R 15      67566310 8 5 5 1 8   396.0  372.0
 56   59.132801 4.689E-41 3.461E-05.05310.057 6604.98250.690.000361              3              3                    R 16      47566310 8 5 5 1 8   420.0  396.0
 56   59.666961 2.617E-36 1.088E-04.05310.057 4590.03540.690.000361              2              2                    R 16      67566310 8 5 5 1 8   420.0  396.0
 56   60.201156 1.095E-31 2.278E-04.05310.057 2550.50220.690.000361              1              1                    R 16      67566310 8 5 5 1 8   420.0  396.0
 56   60.735383 4.278E-27 3.945E-04.05310.057  486.32410.690.000361              0              0                    R 16      67566310 8 5 5 1 8   420.0  396.0
 56   62.597855 4.045E-41 4.017E-05.05240.056 6664.11530.680.000332              3              3                    R 17      47566310 8 5 5 1 8   444.0  420.0
 56   63.163436 2.274E-36 1.276E-04.05240.056 4649.70230.680.000332              2              2                    R 17      67566310 8 5 5 1 8   444.0  420.0
 56   63.729054 9.533E-32 2.682E-04.05240.056 2610.70340.680.000332              1              1                    R 17      67566310 8 5 5 1 8   444.0  420.0
 56   64.294704 3.722E-27 4.655E-04.05240.056  547.05940.680.000332              0              0                    R 17      67566310 8 5 5 1 8   444.0  420.0
 56   66.060622 3.394E-41 4.611E-05.05170.055 6726.71320.670.000302              3              3                    R 18      47566310 8 5 5 1 8   468.0  444.0
 56   66.657625 1.924E-36 1.481E-04.05170.055 4712.86580.670.000302              2              2                    R 18      67566310 8 5 5 1 8   468.0  444.0
 56   67.254665 8.076E-32 3.126E-04.05170.055 2674.43250.670.000302              1              1                    R 18      67566310 8 5 5 1 8   468.0  444.0
 56   67.851740 3.151E-27 5.438E-04.05170.055  611.35410.670.000302              0              0                    R 18      67566310 8 5 5 1 8   468.0  444.0
 56   69.520976 2.772E-41 5.239E-05.05100.054 6792.77380.670.000271              3              3                    R 19      47566310 8 5 5 1 8   492.0  468.0
 56   70.149400 1.585E-36 1.702E-04.05100.054 4779.52340.670.000271              2              2                    R 19      67566310 8 5 5 1 8   492.0  468.0
 56   70.777863 6.666E-32 3.610E-04.05100.054 2741.68710.670.000271              1              1                    R 19      67566310 8 5 5 1 8   492.0  468.0
 56   71.406361 2.600E-27 6.297E-04.05100.054  679.20590.670.000271              0              0                    R 19      67566310 8 5 5 1 8   492.0  468.0
 56   72.978790 2.205E-41 5.896E-05.05030.053 6862.29480.670.000239              3              3                    R 20      47566310 8 5 5 1 8   516.0  492.0
 56   73.638636 1.273E-36 1.941E-04.05030.053 4849.67280.670.000239              2              2                    R 20      67566310 8 5 5 1 8   516.0  492.0
 56   74.298521 5.365E-32 4.136E-04.05030.053 2812.46500.670.000239              1              1                    R 20      67566310 8 5 5 1 8   516.0  492.0
 56   74.958443 2.091E-27 7.233E-04.05030.053  750.61220.670.000239              0              0                    R 20      67566310 8 5 5 1 8   516.0  492.0
 56   76.433937 1.711E-41 6.578E-05.04960.053 6935.27350.670.000207              3              3                    R 21      47566310 8 5 5 1 8   540.0  516.0
 56   77.125205 9.981E-37 2.195E-04.04960.053 4923.31140.670.000207              2              2                    R 21      67566310 8 5 5 1 8   540.0  516.0
 56   77.816513 4.213E-32 4.702E-04.04960.053 2886.76350.670.000207              1              1                    R 21      67566310 8 5 5 1 8   540.0  516.0
 56   78.507858 1.642E-27 8.246E-04.04960.053  825.57070.670.000207              0              0                    R 21      67566310 8 5 5 1 8   540.0  516.0
 56   79.886291 1.294E-41 7.278E-05.04900.052 7011.70750.670.000175              3              3                    R 22      47566310 8 5 5 1 8   564.0  540.0
 56   80.608981 7.637E-37 2.464E-04.04900.052 5000.43660.670.000175              2              2                    R 22      67566310 8 5 5 1 8   564.0  540.0
 56   81.331712 3.231E-32 5.309E-04.04900.052 2964.58000.670.000175              1              1                    R 22      67566310 8 5 5 1 8   564.0  540.0
 56   82.054480 1.258E-27 9.338E-04.04900.052  904.07850.670.000175              0              0                    R 22      67566310 8 5 5 1 8   564.0  540.0
 56   83.335726 9.556E-42 7.990E-05.04830.051 7091.59380.670.000143              3              3                    R 23      47566310 8 5 5 1 8   588.0  564.0
 56   84.089838 5.707E-37 2.748E-04.04830.051 5081.04560.670.000143              2              2                    R 23      67566310 8 5 5 1 8   588.0  564.0
 56   84.843992 2.420E-32 5.956E-04.04830.051 3045.91170.670.000143              1              1                    R 23      67566310 8 5 5 1 8   588.0  564.0
 56   85.598183 9.420E-28 1.051E-03.04830.051  986.13300.670.000143              0              0                    R 23      67566310 8 5 5 1 8   588.0  564.0
 56   86.782115 6.888E-42 8.707E-05.04770.051 7174.92950.670.000112              3              3                    R 24      47566310 8 5 5 1 8   612.0  588.0
 56   87.567650 4.167E-37 3.046E-04.04770.051 5165.13550.670.000112              2              2                    R 24      67566310 8 5 5 1 8   612.0  588.0
 56   88.353226 1.772E-32 6.642E-04.04770.051 3130.75570.670.000112              1              1                    R 24      67566310 8 5 5 1 8   612.0  588.0
 56   89.138840 6.894E-28 1.176E-03.04770.051 1071.73120.670.000112              0              0                    R 24      67566310 8 5 5 1 8   612.0  588.0
 56   90.225333 4.848E-42 9.421E-05.04710.050 7261.71160.670.000081              3              3                    R 25      47566310 8 5 5 1 8   636.0  612.0
 56   91.042289 2.975E-37 3.355E-04.04710.050 5252.70310.670.000081              2              2                    R 25      67566310 8 5 5 1 8   636.0  612.0
 56   91.859288 1.268E-32 7.366E-04.04710.050 3219.10890.670.000081              1              1                    R 25      67566310 8 5 5 1 8   636.0  612.0
 56   92.676325 4.932E-28 1.308E-03.04710.050 1160.87000.670.000081              0              0                    R 25      67566310 8 5 5 1 8   636.0  612.0
 56   93.665251 3.333E-42 1.012E-04.04650.049 7351.93700.670.000050              3              3                    R 26      47566310 8 5 5 1 8   660.0  636.0
 56   94.513631 2.077E-37 3.676E-04.04650.049 5343.74540.670.000050              2              2                    R 26      67566310 8 5 5 1 8   660.0  636.0
 56   95.362053 8.880E-33 8.127E-04.04650.049 3310.96820.670.000050              1              1                    R 26      67566310 8 5 5 1 8   660.0  636.0
 56   96.210512 3.452E-28 1.449E-03.04650.049 1253.54640.670.000050              0              0                    R 26      67566310 8 5 5 1 8   660.0  636.0
 56   97.101746 2.238E-42 1.081E-04.04600.049 7445.60220.670.000020              3              3                    R 27      47566310 8 5 5 1 8   684.0  660.0
 56   97.981548 1.418E-37 4.006E-04.04600.049 5438.25900.670.000020              2              2                    R 27      67566310 8 5 5 1 8   684.0  660.0
 56   98.861393 6.083E-33 8.922E-04.04600.049 3406.33030.670.000020              1              1                    R 27      67566310 8 5 5 1 8   684.0  660.0
 56   99.741275 2.364E-28 1.597E-03.04600.049 1349.75690.670.000020              0              0                    R 27      67566310 8 5 5 1 8   684.0  660.0
 56  100.534690 1.469E-42 1.146E-04.04540.048 7542.70390.67-.000009              3              3                    R 28      47566310 8 5 5 1 8   708.0  684.0
 56  101.445916 9.473E-38 4.344E-04.04540.048 5536.24060.67-.000009              2              2                    R 28      67566310 8 5 5 1 8   708.0  684.0
 56  102.357184 4.078E-33 9.751E-04.04540.048 3505.19170.67-.000009              1              1                    R 28      67566310 8 5 5 1 8   708.0  684.0
 56  103.268488 1.584E-28 1.752E-03.04540.048 1449.49820.67-.000009              0              0                    R 28      67566310 8 5 5 1 8   708.0  684.0
 56  103.963958 9.421E-43 1.208E-04.04480.047 7643.23860.67-.000037              3              3                    R 29      47566310 8 5 5 1 8   732.0  708.0
 56  104.906607 6.194E-38 4.687E-04.04480.047 5637.68650.67-.000037              2              2                    R 29      67566310 8 5 5 1 8   732.0  708.0
 56  105.849298 2.677E-33 1.061E-03.04480.047 3607.54890.67-.000037              1              1                    R 29      67566310 8 5 5 1 8   732.0  708.0
 56  106.792025 1.040E-28 1.915E-03.04480.047 1552.76660.67-.000037              0              0                    R 29      67566310 8 5 5 1 8   732.0  708.0
 56  107.389423 5.905E-43 1.264E-04.04430.047 7747.20260.67-.000065              3              3                    R 30      46566310 8 5 5 1 8   756.0  732.0
 56  108.363497 3.964E-38 5.035E-04.04430.047 5742.59310.67-.000065              2              2                    R 30      66566310 8 5 5 1 8   756.0  732.0
 56  109.337611 1.720E-33 1.150E-03.04430.047 3713.39820.67-.000065              1              1                    R 30      67566310 8 5 5 1 8   756.0  732.0
 56  110.311760 6.681E-29 2.084E-03.04430.047 1659.55870.67-.000065              0              0                    R 30      67566310 8 5 5 1 8   756.0  732.0
 56  110.810961 3.617E-43 1.315E-04.04380.046 7854.59200.67-.000091              3              3                    R 31      46566310 8 5 5 1 8   780.0  756.0
 56  111.816459 2.484E-38 5.384E-04.04380.046 5850.95660.67-.000091              2              2                    R 31      66566310 8 5 5 1 8   780.0  756.0
 56  112.821996 1.083E-33 1.241E-03.04380.046 3822.73580.67-.000091              1              1                    R 31      67566310 8 5 5 1 8   780.0  756.0
 56  113.827568 4.205E-29 2.260E-03.04380.046 1769.87040.67-.000091              0              0                    R 31      67566310 8 5 5 1 8   780.0  756.0
 56  114.228444 2.165E-43 1.360E-04.04320.046 7965.40300.67-.000117              3              3                    R 32      46566310 8 5 5 1 8   804.0  780.0
 56  115.265367 1.524E-38 5.733E-04.04320.046 5962.77310.67-.000117              2              2                    R 32      66566310 8 5 5 1 8   804.0  780.0
 56  116.302329 6.677E-34 1.335E-03.04320.046 3935.55780.67-.000117              1              1                    R 32      67566310 8 5 5 1 8   804.0  780.0
 56  117.339322 2.593E-29 2.442E-03.04320.046 1883.69800.67-.000117              0              0                    R 32      67566310 8 5 5 1 8   804.0  780.0
 56  117.641748 1.267E-43 1.397E-04.04270.045 8079.63140.67-.000142              3              3                    R 33      46566310 8 5 5 1 8   828.0  804.0
 56  118.710097 9.161E-39 6.080E-04.04270.045 6078.03840.67-.000142              2              2                    R 33      66566310 8 5 5 1 8   828.0  804.0
 56  119.778482 4.034E-34 1.430E-03.04270.045 4051.86010.67-.000142              1              1                    R 33      67566310 8 5 5 1 8   828.0  804.0
 56  120.846898 1.566E-29 2.631E-03.04270.045 2001.03730.67-.000142              0              0                    R 33      67566310 8 5 5 1 8   828.0  804.0
 56  121.050748 7.242E-44 1.425E-04.04220.045 8197.27320.67-.000166              3              3                    R 34      46566310 8 5 5 1 8   852.0  828.0
 56  122.150522 5.393E-39 6.421E-04.04220.045 6196.74850.67-.000166              2              2                    R 34      66566310 8 5 5 1 8   852.0  828.0
 56  123.250332 2.388E-34 1.527E-03.04220.045 4171.63860.67-.000166              1              1                    R 34      67566310 8 5 5 1 8   852.0  828.0
 56  124.350170 9.274E-30 2.824E-03.04220.045 2121.88420.67-.000166              0              0                    R 34      67566310 8 5 5 1 8   852.0  828.0
 56  124.455317 4.044E-44 1.444E-04.04170.044 8318.32390.67-.000189              3              3                    R 35      46566310 8 5 5 1 8   876.0  852.0
 56  125.586518 3.110E-39 6.755E-04.04170.044 6318.89900.67-.000189              2              2                    R 35      66566310 8 5 5 1 8   876.0  852.0
 56  126.717752 1.386E-34 1.625E-03.04170.044 4294.88890.67-.000189              1              1                    R 35      67566310 8 5 5 1 8   876.0  852.0
 56  127.849013 5.382E-30 3.022E-03.04170.044 2246.23440.67-.000189              0              0                    R 35      67566310 8 5 5 1 8   876.0  852.0
 56  127.855330 2.206E-44 1.453E-04.04130.044 8442.77920.67-.000211              3              3                    R 36      46566310 8 5 5 1 8   900.0  876.0
 56  129.017958 1.757E-39 7.079E-04.04130.044 6444.48560.67-.000211              2              2                    R 36      66566310 8 5 5 1 8   900.0  876.0
 56  130.180618 7.880E-35 1.724E-03.04130.044 4421.60670.67-.000211              1              1                    R 36      67566310 8 5 5 1 8   900.0  876.0
 56  131.250663 1.175E-44 1.451E-04.04080.043 8570.63460.67-.000232              3              3                    R 37      46566310 8 5 5 1 8   924.0  900.0
 56  131.343302 3.062E-30 3.225E-03.04130.044 2374.08340.67-.000211              0              0                    R 36      67566310 8 5 5 1 8   900.0  876.0
 56  132.444719 9.723E-40 7.389E-04.04080.043 6573.50350.67-.000232              2              2                    R 37      66566310 8 5 5 1 8   924.0  900.0
 56  133.638804 4.393E-35 1.823E-03.04080.043 4551.78730.67-.000232              1              1                    R 37      67566310 8 5 5 1 8   924.0  900.0
 56  134.832911 1.708E-30 3.432E-03.04080.043 2505.42670.67-.000232              0              0                    R 37      67566310 8 5 5 1 8   924.0  900.0
 56  135.866674 5.273E-40 7.684E-04.04030.043 6705.94820.67-.000253              2              2                    R 38      66566310 8 5 5 1 8   948.0  924.0
 56  137.092186 2.401E-35 1.922E-03.04030.043 4685.42610.67-.000253              1              1                    R 38      67566310 8 5 5 1 8   948.0  924.0
 56  138.026785 3.098E-45 1.414E-04.03990.042 8836.52640.67-.000272              3              3                    R 39      46566310 8 5 5 1 8   972.0  948.0
 56  138.317716 9.340E-31 3.642E-03.04030.043 2640.25960.67-.000253              0              0                    R 38      67566310 8 5 5 1 8   948.0  924.0
 56  139.283700 2.802E-40 7.961E-04.03990.042 6841.81490.67-.000272              2              2                    R 39      66566310 8 5 5 1 8   972.0  948.0
 56  140.540638 1.287E-35 2.020E-03.03990.042 4822.51830.67-.000272              1              1                    R 39      67566310 8 5 5 1 8   972.0  948.0
 56  141.407325 1.532E-45 1.377E-04.03950.042 8974.55320.67-.000291              3              3                    R 40      46566310 8 5 5 1 8   996.0  972.0
 56  141.797591 5.009E-31 3.854E-03.03990.042 2778.57730.67-.000272              0              0                    R 39      67566310 8 5 5 1 8   972.0  948.0
 56  142.695670 1.459E-40 8.216E-04.03950.042 6981.09860.67-.000291              2              2                    R 40      66566310 8 5 5 1 8   996.0  972.0
 56  143.984035 6.763E-36 2.117E-03.03950.042 4963.05890.67-.000291              1              1                    R 40      67566310 8 5 5 1 8   996.0  972.0
 56  145.272412 2.635E-31 4.069E-03.03950.042 2920.37490.67-.000291              0              0                    R 40      67566310 8 5 5 1 8   996.0  972.0
 56  146.102461 7.443E-41 8.448E-04.03900.041 7123.79430.67-.000310              2              2                    R 41      66566310 8 5 5 1 8  1020.0  996.0
 56  147.422254 3.485E-36 2.213E-03.03900.041 5107.04290.67-.000310              1              1                    R 41      67566310 8 5 5 1 8  1020.0  996.0
 56  148.742055 1.360E-31 4.284E-03.03900.041 3065.64730.67-.000310              0              0                    R 41      67566310 8 5 5 1 8  1020.0  996.0
 56  149.503947 3.721E-41 8.653E-04.03860.041 7269.89670.67-.000327              2              2                    R 42      66566310 8 5 5 1 8  1044.0 1020.0
 56  150.855169 1.762E-36 2.306E-03.03860.041 5254.46520.67-.000327              1              1                    R 42      67566310 8 5 5 1 8  1044.0 1020.0
 56  152.206395 6.881E-32 4.500E-03.03860.041 3214.38940.67-.000327              0              0                    R 42      67566310 8 5 5 1 8  1044.0 1020.0
 56  152.900005 1.823E-41 8.829E-04.03820.040 7419.40070.67-.000344              2              2                    R 43      66566310 8 5 5 1 8  1068.0 1044.0
 56  154.282657 8.732E-37 2.397E-03.03820.040 5405.32040.67-.000344              1              1                    R 43      67566310 8 5 5 1 8  1068.0 1044.0
 56  155.665308 3.417E-32 4.716E-03.03820.040 3366.59580.67-.000344              0              0                    R 43      67566310 8 5 5 1 8  1068.0 1044.0
 56  156.290510 8.752E-42 8.973E-04.03780.040 7572.30070.67-.000360              2              2                    R 44      66566310 8 5 5 1 8  1092.0 1068.0
 56  157.704592 4.246E-37 2.485E-03.03780.040 5559.60300.67-.000360              1              1                    R 44      67566310 8 5 5 1 8  1092.0 1068.0
 56  159.118669 1.665E-32 4.931E-03.03780.040 3522.26110.67-.000360              0              0                    R 44      67566310 8 5 5 1 8  1092.0 1068.0
 56  159.675338 4.116E-42 9.084E-04.03740.040 7728.59120.67-.000375              2              2                    R 45      66566310 8 5 5 1 8  1116.0 1092.0
 56  161.120852 2.025E-37 2.568E-03.03740.040 5717.30760.67-.000375              1              1                    R 45      67566310 8 5 5 1 8  1116.0 1092.0
 56  162.566355 7.956E-33 5.144E-03.03740.040 3681.37980.67-.000375              0              0                    R 45      67566310 8 5 5 1 8  1116.0 1092.0
 56  163.054364 1.897E-42 9.158E-04.03700.039 7888.26650.67-.000390              2              2                    R 46      66566310 8 5 5 1 8  1140.0 1116.0
 56  164.531310 9.475E-38 2.648E-03.03700.039 5878.42850.67-.000390              1              1                    R 46      67566310 8 5 5 1 8  1140.0 1116.0
 56  166.008241 3.732E-33 5.354E-03.03700.039 3843.94610.67-.000390              0              0                    R 46      67566310 8 5 5 1 8  1140.0 1116.0
 56  166.427466 8.562E-43 9.194E-04.03660.039 8051.32090.67-.000404              2              2                    R 47      66566310 8 5 5 1 8  1164.0 1140.0
 56  167.935845 4.349E-38 2.723E-03.03660.039 6042.95980.67-.000404              1              1                    R 47      67566310 8 5 5 1 8  1164.0 1140.0
 56  169.444204 1.718E-33 5.560E-03.03660.039 4009.95440.67-.000404              0              0                    R 47      67566310 8 5 5 1 8  1164.0 1140.0
 56  169.794518 3.786E-43 9.190E-04.03620.038 8217.74840.67-.000417              2              2                    R 48      66566310 8 5 5 1 8  1188.0 1164.0
 56  171.334332 1.958E-38 2.792E-03.03620.038 6210.89560.67-.000417              1              1                    R 48      67566310 8 5 5 1 8  1188.0 1164.0
 56  172.874120 7.758E-34 5.762E-03.03620.038 4179.39860.67-.000417              0              0                    R 48      67566310 8 5 5 1 8  1188.0 1164.0
 56  173.155397 1.639E-43 9.145E-04.03590.038 8387.54290.67-.000430              2              2                    R 49      66566310 8 5 5 1 8  1212.0 1188.0
 56  174.726648 8.649E-39 2.855E-03.03590.038 6382.23000.67-.000430              1              1                    R 49      67566310 8 5 5 1 8  1212.0 1188.0
 56  176.297865 3.439E-34 5.959E-03.03590.038 4352.27270.67-.000430              0              0                    R 49      67566310 8 5 5 1 8  1212.0 1188.0
 56  176.509980 6.951E-44 9.056E-04.03550.038 8560.69830.67-.000443              2              2                    R 50      66562310 8 5 5 1 8  1236.0 1212.0
 56  178.112669 3.748E-39 2.912E-03.03550.038 6556.95660.67-.000443              1              1                    R 50      67562310 8 5 5 1 8  1236.0 1212.0
 56  179.715317 1.496E-34 6.149E-03.03550.038 4528.57050.67-.000443              0              0                    R 50      67562310 8 5 5 1 8  1236.0 1212.0
 56  179.858143 2.885E-44 8.924E-04.03520.037 8737.20830.67-.000455              2              2                    R 51      66562310 8 5 5 1 8  1260.0 1236.0
 56  181.492271 1.593E-39 2.962E-03.03520.037 6735.06930.67-.000455              1              1                    R 51      67562310 8 5 5 1 8  1260.0 1236.0
 56  183.126351 6.390E-35 6.332E-03.03520.037 4708.28590.67-.000455              0              0                    R 51      67562310 8 5 5 1 8  1260.0 1236.0
 56  183.199764 1.172E-44 8.746E-04.03480.037 8917.06640.67-.000466              2              2                    R 52      66562310 8 5 5 1 8  1284.0 1260.0
 56  184.865332 6.645E-40 3.004E-03.03480.037 6916.56150.67-.000466              1              1                    R 52      67562310 8 5 5 1 8  1284.0 1260.0
 56  186.530846 2.678E-35 6.507E-03.03480.037 4891.41220.67-.000466              0              0                    R 52      67562310 8 5 5 1 8  1284.0 1260.0
 56  188.231728 2.719E-40 3.039E-03.03450.037 7101.42690.67-.000477              1              1                    R 53      67562310 8 5 5 1 8  1308.0 1284.0
 56  189.862882 1.811E-45 8.258E-04.03420.036 9286.80090.67-.000487              2              2                    R 54      66562310 8 5 5 1 8  1332.0 1308.0
 56  189.928677 1.102E-35 6.673E-03.03450.037 5077.94310.67-.000477              0              0                    R 53      67562310 8 5 5 1 8  1308.0 1284.0
 56  191.591338 1.091E-40 3.065E-03.03420.036 7289.65860.67-.000487              1              1                    R 54      67562310 8 5 5 1 8  1332.0 1308.0
 56  193.319722 4.451E-36 6.829E-03.03420.036 5267.87170.67-.000487              0              0                    R 54      67562310 8 5 5 1 8  1332.0 1308.0
 56  194.944037 4.297E-41 3.082E-03.03380.036 7481.24990.67-.000497              1              1                    R 55      67562310 8 5 5 1 8  1356.0 1332.0
 56  196.703859 1.765E-36 6.974E-03.03380.036 5461.19150.67-.000497              0              0                    R 55      67562310 8 5 5 1 8  1356.0 1332.0
 56  198.289703 1.659E-41 3.090E-03.03350.036 7676.19400.67-.000507              1              1                    R 56      67562310 8 5 5 1 8  1380.0 1356.0
 56  200.080965 6.869E-37 7.107E-03.03350.036 5657.89530.67-.000507              0              0                    R 56      67562310 8 5 5 1 8  1380.0 1356.0
 56  201.628215 6.287E-42 3.088E-03.03320.035 7874.48370.67-.000516              1              1                    R 57      67562310 8 5 5 1 8  1404.0 1380.0
 56  203.450918 2.625E-37 7.228E-03.03320.035 5857.97630.67-.000516              0              0                    R 57      67562310 8 5 5 1 8  1404.0 1380.0
 56  204.959449 2.336E-42 3.077E-03.03290.035 8076.11190.67-.000524              1              1                    R 58      67562310 8 5 5 1 8  1428.0 1404.0
 56  206.813595 9.846E-38 7.335E-03.03290.035 6061.42720.67-.000524              0              0                    R 58      67562310 8 5 5 1 8  1428.0 1404.0
 56  208.283283 8.512E-43 3.055E-03.03260.035 8281.07130.67-.000533              1              1                    R 59      67562310 8 5 5 1 8  1452.0 1428.0
 56  210.168875 3.626E-38 7.427E-03.03260.035 6268.24080.67-.000533              0              0                    R 59      67562310 8 5 5 1 8  1452.0 1428.0
 56  211.599596 3.042E-43 3.023E-03.03230.034 8489.35460.67-.000541              1              1                    R 60      67562310 8 5 5 1 8  1476.0 1452.0
 56  213.516636 1.311E-38 7.505E-03.03230.034 6478.40970.67-.000541              0              0                    R 60      67562310 8 5 5 1 8  1476.0 1452.0
 56  214.908265 1.066E-43 2.980E-03.03200.034 8700.95420.67-.000548              1              1                    R 61      67562310 8 5 5 1 8  1500.0 1476.0
 56  216.856755 4.653E-39 7.566E-03.03200.034 6691.92630.67-.000548              0              0                    R 61      67562310 8 5 5 1 8  1500.0 1476.0
 56  218.209170 3.660E-44 2.927E-03.03170.034 8915.86250.67-.000556              1              1                    R 62      67562310 8 5 5 1 8  1524.0 1500.0
 56  220.189113 1.621E-39 7.611E-03.03170.034 6908.78310.67-.000556              0              0                    R 62      67562310 8 5 5 1 8  1524.0 1500.0
 56  221.502188 1.232E-44 2.863E-03.03140.033 9134.07170.67-.000563              1              1                    R 63      67562310 8 5 5 1 8  1548.0 1524.0
 56  223.513586 5.546E-40 7.638E-03.03140.033 7128.97220.67-.000563              0              0                    R 63      67562310 8 5 5 1 8  1548.0 1524.0
 56  224.787198 4.066E-45 2.789E-03.03120.033 9355.57380.67-.000569              1              1                    R 64      67562310 8 5 5 1 8  1572.0 1548.0
 56  226.830055 1.862E-40 7.648E-03.03120.033 7352.48580.67-.000569              0              0                    R 64      67562310 8 5 5 1 8  1572.0 1548.0
 56  228.064079 1.314E-45 2.704E-03.03090.033 9580.36100.67-.000576              1              1                    R 65      67562310 8 5 5 1 8  1596.0 1572.0
 56  230.138397 6.140E-41 7.639E-03.03090.033 7579.31580.67-.000576              0              0                    R 65      67562310 8 5 5 1 8  1596.0 1572.0
 56  233.438493 1.987E-41 7.611E-03.03060.032 7809.45420.67-.000582              0              0                    R 66      67562310 8 5 5 1 8  1620.0 1596.0
 56  236.730221 6.312E-42 7.563E-03.03030.032 8042.89270.67-.000588              0              0                    R 67      67562310 8 5 5 1 8  1644.0 1620.0
 56  240.013460 1.968E-42 7.496E-03.03010.032 8279.62290.67-.000593              0              0                    R 68      67562310 8 5 5 1 8  1668.0 1644.0
 56  243.288092 6.023E-43 7.409E-03.02980.032 8519.63640.67-.000598              0              0                    R 69      67562310 8 5 5 1 8  1692.0 1668.0
 56  246.553995 1.809E-43 7.301E-03.02960.031 8762.92450.67-.000604              0              0                    R 70      67562310 8 5 5 1 8  1716.0 1692.0
 56  249.811049 5.332E-44 7.174E-03.02930.031 9009.47850.67-.000608              0              0                    R 71      67562310 8 5 5 1 8  1740.0 1716.0
 56  253.059135 1.542E-44 7.026E-03.02910.031 9259.28950.67-.000613              0              0                    R 72      67562310 8 5 5 1 8  1764.0 1740.0
 56  256.298133 4.375E-45 6.858E-03.02890.031 9512.34870.67-.000618              0              0                    R 73      67562310 8 5 5 1 8  1788.0 1764.0
 56  259.527923 1.218E-45 6.670E-03.02860.030 9768.64680.67-.000622              0              0                    R 74      67562310 8 5 5 1 8  1812.0 1788.0
 56 1873.361503 1.107E-31 1.169E+01.03740.040 3843.94610.67-.002833              1              0                    P 46      47562310 8 5 5 1 8  1092.0 1116.0
 56 1878.223265 2.392E-31 1.178E+01.03780.040 3681.37980.67-.002829              1              0                    P 45      47562310 8 5 5 1 8  1068.0 1092.0
 56 1883.059278 5.079E-31 1.187E+01.03820.040 3522.26110.67-.002826              1              0                    P 44      47562310 8 5 5 1 8  1044.0 1068.0
 56 1887.869416 1.060E-30 1.196E+01.03860.041 3366.59580.67-.002822              1              0                    P 43      47562310 8 5 5 1 8  1020.0 1044.0
 56 1892.653558 2.174E-30 1.205E+01.03900.041 3214.38940.67-.002819              1              0                    P 42      47562310 8 5 5 1 8   996.0 1020.0
 56 1897.411578 4.382E-30 1.214E+01.03950.042 3065.64730.67-.002817              1              0                    P 41      47562310 8 5 5 1 8   972.0  996.0
 56 1902.143353 8.680E-30 1.223E+01.03990.042 2920.37490.67-.002815              1              0                    P 40      47562310 8 5 5 1 8   948.0  972.0
 56 1906.848758 1.689E-29 1.232E+01.04030.043 2778.57730.67-.002813              1              0                    P 39      47562310 8 5 5 1 8   924.0  948.0
 56 1911.527669 3.231E-29 1.241E+01.04080.043 2640.25960.67-.002811              1              0                    P 38      47562310 8 5 5 1 8   900.0  924.0
 56 1915.398826 1.003E-31 2.496E+01.04380.046 3935.55780.67-.002810              2              1                    P 32      47562310 8 5 5 1 8   756.0  780.0
 56 1916.179962 6.071E-29 1.250E+01.04130.044 2505.42670.67-.002810              1              0                    P 37      47562310 8 5 5 1 8   876.0  900.0
 56 1919.857326 1.684E-31 2.514E+01.04430.047 3822.73580.67-.002811              2              1                    P 31      47562310 8 5 5 1 8   732.0  756.0
 56 1920.805512 1.121E-28 1.259E+01.04170.044 2374.08340.67-.002809              1              0                    P 36      47562310 8 5 5 1 8   852.0  876.0
 56 1924.288330 2.779E-31 2.532E+01.04480.047 3713.39820.67-.002813              2              1                    P 30      47562310 8 5 5 1 8   708.0  732.0
 56 1925.404193 2.033E-28 1.268E+01.04220.045 2246.23440.67-.002809              1              0                    P 35      47562310 8 5 5 1 8   828.0  852.0
 56 1928.691712 4.502E-31 2.550E+01.04540.048 3607.54890.67-.002815              2              1                    P 29      47562310 8 5 5 1 8   684.0  708.0
 56 1929.975881 3.621E-28 1.277E+01.04270.045 2121.88420.67-.002809              1              0                    P 34      47562310 8 5 5 1 8   804.0  828.0
 56 1933.067347 7.163E-31 2.569E+01.04600.049 3505.19170.67-.002817              2              1                    P 28      47562310 8 5 5 1 8   660.0  684.0
 56 1934.520450 6.337E-28 1.286E+01.04320.046 2001.03730.67-.002809              1              0                    P 33      47562310 8 5 5 1 8   780.0  804.0
 56 1937.415110 1.119E-30 2.587E+01.04650.049 3406.33030.67-.002819              2              1                    P 27      47562310 8 5 5 1 8   636.0  660.0
 56 1939.037776 1.089E-27 1.296E+01.04380.046 1883.69800.67-.002810              1              0                    P 32      47562310 8 5 5 1 8   756.0  780.0
 56 1941.734873 1.717E-30 2.606E+01.04710.050 3310.96820.67-.002822              2              1                    P 26      47562310 8 5 5 1 8   612.0  636.0
 56 1943.527733 1.839E-27 1.305E+01.04430.047 1769.87040.67-.002811              1              0                    P 31      47562310 8 5 5 1 8   732.0  756.0
 56 1946.026512 2.585E-30 2.625E+01.04770.051 3219.10890.67-.002824              2              1                    P 25      47562310 8 5 5 1 8   588.0  612.0
 56 1947.990195 3.048E-27 1.314E+01.04480.047 1659.55870.67-.002813              1              0                    P 30      47562310 8 5 5 1 8   708.0  732.0
 56 1950.289900 3.820E-30 2.644E+01.04830.051 3130.75570.67-.002827              2              1                    P 24      47562310 8 5 5 1 8   564.0  588.0
 56 1952.425036 4.962E-27 1.324E+01.04540.048 1552.76660.67-.002815              1              0                    P 29      47562310 8 5 5 1 8   684.0  708.0
 56 1954.524911 5.540E-30 2.663E+01.04900.052 3045.91170.67-.002829              2              1                    P 23      47562310 8 5 5 1 8   540.0  564.0
 56 1956.832130 7.930E-27 1.333E+01.04600.049 1449.49820.67-.002817              1              0                    P 28      47562310 8 5 5 1 8   660.0  684.0
 56 1958.731418 7.885E-30 2.682E+01.04960.053 2964.58000.67-.002831              2              1                    P 22      47562310 8 5 5 1 8   516.0  540.0
 56 1961.211352 1.244E-26 1.343E+01.04650.049 1349.75690.67-.002819              1              0                    P 27      47562310 8 5 5 1 8   636.0  660.0
 56 1962.909296 1.101E-29 2.702E+01.05030.053 2886.76350.67-.002832              2              1                    P 21      47562310 8 5 5 1 8   492.0  516.0
 56 1965.562576 1.916E-26 1.352E+01.04710.050 1253.54640.67-.002822              1              0                    P 26      47562310 8 5 5 1 8   612.0  636.0
 56 1967.058417 1.507E-29 2.722E+01.05100.054 2812.46500.67-.002832              2              1                    P 20      47566310 8 5 5 1 8   468.0  492.0
 56 1969.885675 2.897E-26 1.362E+01.04770.051 1160.87000.67-.002824              1              0                    P 25      47562310 8 5 5 1 8   588.0  612.0
 56 1971.178655 2.024E-29 2.743E+01.05170.055 2741.68710.67-.002831              2              1                    P 19      47566310 8 5 5 1 8   444.0  468.0
 56 1974.180523 4.298E-26 1.372E+01.04830.051 1071.73120.67-.002827              1              0                    P 24      47562310 8 5 5 1 8   564.0  588.0
 56 1975.269884 2.664E-29 2.764E+01.05240.056 2674.43250.68-.002828              2              1                    P 18      47566310 8 5 5 1 8   420.0  444.0
 56 1978.446994 6.257E-26 1.382E+01.04900.052  986.13300.67-.002829              1              0                    P 23      47562310 8 5 5 1 8   540.0  564.0
 56 1979.331977 3.437E-29 2.785E+01.05310.057 2610.70340.69-.002822              2              1                    P 17      47566310 8 5 5 1 8   396.0  420.0
 56 1982.684961 8.936E-26 1.392E+01.04960.053  904.07850.67-.002831              1              0                    P 22      47562310 8 5 5 1 8   516.0  540.0
 56 1983.364807 4.342E-29 2.807E+01.05380.058 2550.50220.70-.002814              2              1                    P 16      47566310 8 5 5 1 8   372.0  396.0
 56 1986.894297 1.252E-25 1.402E+01.05030.053  825.57070.67-.002832              1              0                    P 21      47562310 8 5 5 1 8   492.0  516.0
 56 1987.368247 5.373E-29 2.830E+01.05450.059 2493.83110.71-.002803              2              1                    P 15      47566310 8 5 5 1 8   348.0  372.0
 56 1991.074877 1.720E-25 1.413E+01.05100.054  750.61220.67-.002832              1              0                    P 20      47566310 8 5 5 1 8   468.0  492.0
 56 1991.342170 6.505E-29 2.854E+01.05530.059 2440.69210.72-.002787              2              1                    P 14      47566310 8 5 5 1 8   324.0  348.0
 56 1995.226573 2.316E-25 1.424E+01.05170.055  679.20590.67-.002831              1              0                    P 19      47566310 8 5 5 1 8   444.0  468.0
 56 1995.286450 7.702E-29 2.879E+01.05610.060 2391.08710.73-.002765              2              1                    P 13      47566310 8 5 5 1 8   300.0  324.0
 56 1999.200960 8.911E-29 2.906E+01.05690.062 2345.01790.74-.002736              2              1                    P 12      47566310 8 5 5 1 8   276.0  300.0
 56 1999.349259 3.058E-25 1.434E+01.05240.056  611.35410.68-.002828              1              0                    P 18      47566310 8 5 5 1 8   420.0  444.0
 56 2003.085572 1.006E-28 2.934E+01.05770.063 2302.48610.75-.002699              2              1                    P 11      47566310 8 5 5 1 8   252.0  276.0
 56 2003.442808 3.955E-25 1.446E+01.05310.057  547.05940.69-.002822              1              0                    P 17      47566310 8 5 5 1 8   396.0  420.0
 56 2006.940159 1.108E-28 2.965E+01.05860.064 2263.49320.75-.002651              2              1                    P 10      47566310 8 5 5 1 8   228.0  252.0
 56 2007.507092 5.011E-25 1.457E+01.05380.058  486.32410.70-.002814              1              0                    P 16      47566310 8 5 5 1 8   372.0  396.0
 56 2010.764595 1.187E-28 3.000E+01.05950.065 2228.04070.75-.002591              2              1                    P  9      47566310 8 5 5 1 8   204.0  228.0
 56 2011.541986 6.215E-25 1.469E+01.05450.059  429.15010.71-.002803              1              0                    P 15      47566310 8 5 5 1 8   348.0  372.0
 56 2014.558751 1.234E-28 3.039E+01.06060.066 2196.12990.75-.002514              2              1                    P  8      47566310 8 5 5 1 8   180.0  204.0
 56 2015.547362 7.543E-25 1.481E+01.05530.059  375.53980.72-.002787              1              0                    P 14      47566310 8 5 5 1 8   324.0  348.0
 56 2018.322502 1.242E-28 3.086E+01.06180.068 2167.76180.75-.002418              2              1                    P  7      47566310 8 5 5 1 8   156.0  180.0
 56 2019.523092 8.950E-25 1.495E+01.05610.060  325.49480.73-.002765              1              0                    P 13      47566310 8 5 5 1 8   300.0  324.0
 56 2022.055720 1.204E-28 3.144E+01.06320.069 2142.93750.74-.002298              2              1                    P  6      47566310 8 5 5 1 8   132.0  156.0
 56 2023.469051 1.038E-24 1.508E+01.05690.062  279.01700.74-.002736              1              0                    P 12      47566310 8 5 5 1 8   276.0  300.0
 56 2025.758278 1.114E-28 3.220E+01.06510.071 2121.65780.74-.002148              2              1                    P  5      47566310 8 5 5 1 8   108.0  132.0
 56 2027.385110 1.174E-24 1.523E+01.05770.063  236.10810.75-.002699              1              0                    P 11      47566310 8 5 5 1 8   252.0  276.0
 56 2029.430048 9.737E-29 3.330E+01.06770.074 2103.92360.74-.001961              2              1                    P  4      47566310 8 5 5 1 8    84.0  108.0
 56 2031.271144 1.295E-24 1.539E+01.05860.064  196.76960.75-.002651              1              0                    P 10      47566310 8 5 5 1 8   228.0  252.0
 56 2033.070903 7.839E-29 3.516E+01.07120.077 2089.73550.74-.001726              2              1                    P  3      47566310 8 5 5 1 8    60.0   84.0
 56 2035.127023 1.389E-24 1.557E+01.05950.065  161.00280.75-.002591              1              0                    P  9      47566310 8 5 5 1 8   204.0  228.0
 56 2036.680717 5.514E-29 3.928E+01.07570.081 2079.09400.75-.001431              2              1                    P  2      47566310 8 5 5 1 8    36.0   60.0
 56 2038.952622 1.447E-24 1.578E+01.06060.066  128.80910.75-.002514              1              0                    P  8      47566310 8 5 5 1 8   180.0  204.0
 56 2040.259362 2.859E-29 5.923E+01.08030.087 2071.99940.76-.001060              2              1                    P  1      47566310 8 5 5 1 8    12.0   36.0
 56 2042.747814 1.458E-24 1.602E+01.06180.068  100.18960.75-.002418              1              0                    P  7      47566310 8 5 5 1 8   156.0  180.0
 56 2046.512470 1.414E-24 1.632E+01.06320.069   75.14530.74-.002298              1              0                    P  6      47566310 8 5 5 1 8   132.0  156.0
 56 2047.322635 2.920E-29 1.996E+01.08030.087 2068.45200.76-.002018              2              1                    R  0      47566310 8 5 5 1 8    36.0   12.0
 56 2050.246464 1.311E-24 1.672E+01.06510.071   53.67720.74-.002148              1              0                    P  5      47566310 8 5 5 1 8   108.0  132.0
 56 2050.807009 5.750E-29 2.407E+01.07570.081 2071.99940.75-.001922              2              1                    R  1      47566310 8 5 5 1 8    60.0   36.0
 56 2053.949669 1.146E-24 1.729E+01.06770.074   35.78580.74-.001961              1              0                    P  4      47566310 8 5 5 1 8    84.0  108.0
 56 2054.259705 8.348E-29 2.593E+01.07120.077 2079.09400.74-.001841              2              1                    R  2      47566310 8 5 5 1 8    84.0   60.0
 56 2057.621956 9.232E-25 1.825E+01.07120.077   21.47200.74-.001726              1              0                    P  3      47566310 8 5 5 1 8    60.0   84.0
 56 2057.680596 1.059E-28 2.703E+01.06770.074 2089.73550.74-.001780              2              1                    R  3      47566310 8 5 5 1 8   108.0   84.0
 56 2061.069555 1.238E-28 2.778E+01.06510.071 2103.92360.74-.001736              2              1                    R  4      47566310 8 5 5 1 8   132.0  108.0
 56 2061.263200 6.497E-25 2.039E+01.07570.081   10.73620.75-.001431              1              0                    P  2      47566310 8 5 5 1 8    36.0   60.0
 56 2064.426455 1.365E-28 2.835E+01.06320.069 2121.65780.74-.001710              2              1                    R  5      47566310 8 5 5 1 8   156.0  132.0
 56 2064.873272 3.370E-25 3.076E+01.08030.087    3.57880.76-.001060              1              0                    P  1      47566310 8 5 5 1 8    12.0   36.0
 56 2067.751168 1.439E-28 2.881E+01.06180.068 2142.93750.75-.001700              2              1                    R  6      47566310 8 5 5 1 8   180.0  156.0
 56 2071.043567 1.460E-28 2.920E+01.06060.066 2167.76180.75-.001704              2              1                    R  7      47566310 8 5 5 1 8   204.0  180.0
 56 2071.999395 3.442E-25 1.036E+01.08030.087    0.00000.76-.002018              1              0                    R  0      47566310 8 5 5 1 8    36.0   12.0
 56 2074.303526 1.434E-28 2.954E+01.05950.065 2196.12990.75-.001720              2              1                    R  8      47566310 8 5 5 1 8   228.0  204.0
 56 2075.515190 6.778E-25 1.250E+01.07570.081    3.57880.75-.001922              1              0                    R  1      47566310 8 5 5 1 8    60.0   36.0
 56 2077.530917 1.366E-28 2.984E+01.05860.064 2228.04070.75-.001746              2              1                    R  9      47566310 8 5 5 1 8   252.0  228.0
 56 2078.999305 9.838E-25 1.346E+01.07120.077   10.73620.74-.001841              1              0                    R  2      47566310 8 5 5 1 8    84.0   60.0
 56 2080.725613 1.267E-28 3.012E+01.05770.063 2263.49320.75-.001781              2              1                    R 10      47566310 8 5 5 1 8   276.0  252.0
 56 2082.451613 1.247E-24 1.404E+01.06770.074   21.47200.74-.001780              1              0                    R  3      47566310 8 5 5 1 8   108.0   84.0
 56 2083.887488 1.146E-28 3.038E+01.05690.062 2302.48610.74-.001824              2              1                    R 11      47566310 8 5 5 1 8   300.0  276.0
 56 2085.871987 1.457E-24 1.443E+01.06510.071   35.78580.74-.001736              1              0                    R  4      47566310 8 5 5 1 8   132.0  108.0
 56 2087.016414 1.011E-28 3.062E+01.05610.060 2345.01790.73-.001872              2              1                    R 12      47566310 8 5 5 1 8   324.0  300.0
 56 2089.260299 1.606E-24 1.473E+01.06320.069   53.67720.74-.001710              1              0                    R  5      47566310 8 5 5 1 8   156.0  132.0
 56 2090.112264 8.723E-29 3.084E+01.05530.059 2391.08710.72-.001924              2              1                    R 13      47566310 8 5 5 1 8   348.0  324.0
 56 2092.616422 1.691E-24 1.497E+01.06180.068   75.14530.75-.001700              1              0                    R  6      47566310 8 5 5 1 8   180.0  156.0
 56 2093.174912 7.356E-29 3.106E+01.05450.059 2440.69210.71-.001981              2              1                    R 14      47566310 8 5 5 1 8   372.0  348.0
 56 2095.940230 1.714E-24 1.517E+01.06060.066  100.18960.75-.001704              1              0                    R  7      47566310 8 5 5 1 8   204.0  180.0
 56 2096.204231 6.071E-29 3.127E+01.05380.058 2493.83110.70-.002040              2              1                    R 15      47566310 8 5 5 1 8   396.0  372.0
 56 2099.200094 4.906E-29 3.147E+01.05310.057 2550.50220.69-.002101              2              1                    R 16      47566310 8 5 5 1 8   420.0  396.0
 56 2099.231595 1.681E-24 1.534E+01.05950.065  128.80910.75-.001720              1              0                    R  8      47566310 8 5 5 1 8   228.0  204.0
 56 2102.162374 3.884E-29 3.166E+01.05240.056 2610.70340.68-.002163              2              1                    R 17      47566310 8 5 5 1 8   444.0  420.0
 56 2102.490390 1.601E-24 1.550E+01.05860.064  161.00280.75-.001746              1              0                    R  9      47566310 8 5 5 1 8   252.0  228.0
 56 2105.090945 3.013E-29 3.185E+01.05170.055 2674.43250.67-.002226              2              1                    R 18      47566310 8 5 5 1 8   468.0  444.0
 56 2105.716489 1.482E-24 1.565E+01.05770.063  196.76960.75-.001781              1              0                    R 10      47566310 8 5 5 1 8   276.0  252.0
 56 2107.985680 2.291E-29 3.204E+01.05100.054 2741.68710.67-.002290              2              1                    R 19      47566310 8 5 5 1 8   492.0  468.0
 56 2108.909764 1.338E-24 1.578E+01.05690.062  236.10810.74-.001824              1              0                    R 11      47566310 8 5 5 1 8   300.0  276.0
 56 2110.846453 1.708E-29 3.222E+01.05030.053 2812.46500.67-.002353              2              1                    R 20      47562310 8 5 5 1 8   516.0  492.0
 56 2112.070088 1.179E-24 1.591E+01.05610.060  279.01700.73-.001872              1              0                    R 12      47566310 8 5 5 1 8   324.0  300.0
 56 2113.673136 1.249E-29 3.239E+01.04960.053 2886.76350.67-.002416              2              1                    R 21      47562310 8 5 5 1 8   540.0  516.0
 56 2115.197335 1.015E-24 1.602E+01.05530.059  325.49480.72-.001924              1              0                    R 13      47566310 8 5 5 1 8   348.0  324.0
 56 2116.465604 8.962E-30 3.257E+01.04900.052 2964.58000.67-.002479              2              1                    R 22      47562310 8 5 5 1 8   564.0  540.0
 56 2118.291379 8.540E-25 1.614E+01.05450.059  375.53980.71-.001981              1              0                    R 14      47566310 8 5 5 1 8   372.0  348.0
 56 2119.223730 6.309E-30 3.274E+01.04830.051 3045.91170.67-.002540              2              1                    R 23      47562310 8 5 5 1 8   588.0  564.0
 56 2121.352091 7.033E-25 1.625E+01.05380.058  429.15010.70-.002040              1              0                    R 15      47566310 8 5 5 1 8   396.0  372.0
 56 2121.947388 4.358E-30 3.290E+01.04770.051 3130.75570.67-.002601              2              1                    R 24      47562310 8 5 5 1 8   612.0  588.0
 56 2124.379346 5.670E-25 1.635E+01.05310.057  486.32410.69-.002101              1              0                    R 16      47566310 8 5 5 1 8   420.0  396.0
 56 2124.636451 2.955E-30 3.307E+01.04710.050 3219.10890.67-.002661              2              1                    R 25      47562310 8 5 5 1 8   636.0  612.0
 56 2127.290793 1.967E-30 3.323E+01.04650.049 3310.96820.67-.002719              2              1                    R 26      47562310 8 5 5 1 8   660.0  636.0
 56 2127.373017 4.477E-25 1.645E+01.05240.056  547.05940.68-.002163              1              0                    R 17      47566310 8 5 5 1 8   444.0  420.0
 56 2129.910289 1.285E-30 3.339E+01.04600.049 3406.33030.67-.002777              2              1                    R 27      47562310 8 5 5 1 8   684.0  660.0
 56 2130.332978 3.463E-25 1.655E+01.05170.055  611.35410.67-.002226              1              0                    R 18      47566310 8 5 5 1 8   468.0  444.0
 56 2132.494812 8.246E-31 3.354E+01.04540.048 3505.19170.67-.002833              2              1                    R 28      47562310 8 5 5 1 8   708.0  684.0
 56 2133.259101 2.626E-25 1.665E+01.05100.054  679.20590.67-.002290              1              0                    R 19      47566310 8 5 5 1 8   492.0  468.0
 56 2135.044235 5.195E-31 3.370E+01.04480.047 3607.54890.67-.002887              2              1                    R 29      47562310 8 5 5 1 8   732.0  708.0
 56 2136.151262 1.952E-25 1.674E+01.05030.053  750.61220.67-.002353              1              0                    R 20      47562310 8 5 5 1 8   516.0  492.0
 56 2137.558434 3.214E-31 3.385E+01.04430.047 3713.39820.67-.002941              2              1                    R 30      47562310 8 5 5 1 8   756.0  732.0
 56 2139.009332 1.423E-25 1.684E+01.04960.053  825.57070.67-.002416              1              0                    R 21      47562310 8 5 5 1 8   540.0  516.0
 56 2140.037281 1.953E-31 3.400E+01.04380.046 3822.73580.67-.002993              2              1                    R 31      47562310 8 5 5 1 8   780.0  756.0
 56 2141.833186 1.018E-25 1.693E+01.04900.052  904.07850.67-.002479              1              0                    R 22      47562310 8 5 5 1 8   564.0  540.0
 56 2142.480652 1.166E-31 3.415E+01.04320.046 3935.55780.67-.003043              2              1                    R 32      47562310 8 5 5 1 8   804.0  780.0
 56 2144.622698 7.139E-26 1.702E+01.04830.051  986.13300.67-.002540              1              0                    R 23      47562310 8 5 5 1 8   588.0  564.0
 56 2147.377741 4.914E-26 1.710E+01.04770.051 1071.73120.67-.002601              1              0                    R 24      47562310 8 5 5 1 8   612.0  588.0
 56 2150.098189 3.319E-26 1.719E+01.04710.050 1160.87000.67-.002661              1              0                    R 25      47562310 8 5 5 1 8   636.0  612.0
 56 2152.783917 2.201E-26 1.727E+01.04650.049 1253.54640.67-.002719              1              0                    R 26      47562310 8 5 5 1 8   660.0  636.0
 56 2155.434799 1.432E-26 1.736E+01.04600.049 1349.75690.67-.002777              1              0                    R 27      47562310 8 5 5 1 8   684.0  660.0
 56 2158.050707 9.150E-27 1.744E+01.04540.048 1449.49820.67-.002833              1              0                    R 28      47562310 8 5 5 1 8   708.0  684.0
 56 2160.631518 5.740E-27 1.752E+01.04480.047 1552.76660.67-.002887              1              0                    R 29      47562310 8 5 5 1 8   732.0  708.0
 56 2163.177104 3.535E-27 1.760E+01.04430.047 1659.55870.67-.002941              1              0                    R 30      47562310 8 5 5 1 8   756.0  732.0
 56 2165.687340 2.138E-27 1.768E+01.04380.046 1769.87040.67-.002993              1              0                    R 31      47562310 8 5 5 1 8   780.0  756.0
 56 2168.162102 1.270E-27 1.776E+01.04320.046 1883.69800.67-.003043              1              0                    R 32      47562310 8 5 5 1 8   804.0  780.0
 56 2170.601262 7.411E-28 1.784E+01.04270.045 2001.03730.67-.003092              1              0                    R 33      47562310 8 5 5 1 8   828.0  804.0
 56 2173.004695 4.247E-28 1.792E+01.04220.045 2121.88420.67-.003140              1              0                    R 34      47562310 8 5 5 1 8   852.0  828.0
 56 2175.372277 2.391E-28 1.799E+01.04170.044 2246.23440.67-.003187              1              0                    R 35      47562310 8 5 5 1 8   876.0  852.0
 56 2177.703882 1.322E-28 1.807E+01.04130.044 2374.08340.67-.003232              1              0                    R 36      47562310 8 5 5 1 8   900.0  876.0
 56 2179.999384 7.183E-29 1.814E+01.04080.043 2505.42670.67-.003276              1              0                    R 37      47562310 8 5 5 1 8   924.0  900.0
 56 2182.258659 3.834E-29 1.821E+01.04030.043 2640.25960.67-.003318              1              0                    R 38      47562310 8 5 5 1 8   948.0  924.0
 56 2184.481581 2.011E-29 1.829E+01.03990.042 2778.57730.67-.003360              1              0                    R 39      47562310 8 5 5 1 8   972.0  948.0
 56 2186.668026 1.036E-29 1.836E+01.03950.042 2920.37490.67-.003400              1              0                    R 40      47562310 8 5 5 1 8   996.0  972.0
 56 2188.817867 5.247E-30 1.843E+01.03900.041 3065.64730.67-.003439              1              0                    R 41      47562310 8 5 5 1 8  1020.0  996.0
 56 2190.930981 2.611E-30 1.850E+01.03860.041 3214.38940.67-.003476              1              0                    R 42      47562310 8 5 5 1 8  1044.0 1020.0
 56 2193.007243 1.277E-30 1.857E+01.03820.040 3366.59580.67-.003513              1              0                    R 43      47562310 8 5 5 1 8  1068.0 1044.0
 56 2195.046527 6.138E-31 1.864E+01.03780.040 3522.26110.67-.003549              1              0                    R 44      47562310 8 5 5 1 8  1092.0 1068.0
 56 2197.048709 2.900E-31 1.870E+01.03740.040 3681.37980.67-.003583              1              0                    R 45      47562310 8 5 5 1 8  1116.0 1092.0
 56 2199.013665 1.346E-31 1.877E+01.03700.039 3843.94610.67-.003617              1              0                    R 46      47562310 8 5 5 1 8  1140.0 1116.0
 56 3927.370905 1.058E-31 3.271E-01.04030.043 2778.57730.67-.005878              2              0                    P 39      4756231011 5 5 1 8   924.0  948.0
 56 3933.243902 2.028E-31 3.297E-01.04080.043 2640.25960.67-.005855              2              0                    P 38      4756231011 5 5 1 8   900.0  924.0
 56 3939.058854 3.822E-31 3.324E-01.04130.044 2505.42670.67-.005831              2              0                    P 37      4756231011 5 5 1 8   876.0  900.0
 56 3944.815639 7.076E-31 3.350E-01.04170.044 2374.08340.67-.005807              2              0                    P 36      4756231011 5 5 1 8   852.0  876.0
 56 3950.514130 1.286E-30 3.377E-01.04220.045 2246.23440.67-.005784              2              0                    P 35      4756231011 5 5 1 8   828.0  852.0
 56 3956.154204 2.298E-30 3.405E-01.04270.045 2121.88420.67-.005760              2              0                    P 34      4756231011 5 5 1 8   804.0  828.0
 56 3961.735735 4.032E-30 3.432E-01.04320.046 2001.03730.67-.005736              2              0                    P 33      4756231011 5 5 1 8   780.0  804.0
 56 3967.258599 6.952E-30 3.460E-01.04380.046 1883.69800.67-.005712              2              0                    P 32      4756231011 5 5 1 8   756.0  780.0
 56 3972.722670 1.177E-29 3.489E-01.04430.047 1769.87040.67-.005688              2              0                    P 31      4756231011 5 5 1 8   732.0  756.0
 56 3975.531258 1.118E-31 1.126E+00.05030.053 2886.76350.73-.005424              3              1                    P 21      4756831011 5 5 2 8   492.0  516.0
 56 3978.127822 1.956E-29 3.517E-01.04480.047 1659.55870.67-.005663              2              0                    P 30      4756231011 5 5 1 8   708.0  732.0
 56 3980.308804 1.536E-31 1.136E+00.05100.054 2812.46500.74-.005392              3              1                    P 20      4756831011 5 5 2 8   468.0  492.0
 56 3983.473931 3.194E-29 3.546E-01.04540.048 1552.76660.67-.005639              2              0                    P 29      4756231011 5 5 1 8   684.0  708.0
 56 3985.026045 2.070E-31 1.146E+00.05170.055 2741.68710.74-.005359              3              1                    P 19      4756831011 5 5 2 8   444.0  468.0
 56 3988.760871 5.121E-29 3.576E-01.04600.049 1449.49820.67-.005614              2              0                    P 28      4756231011 5 5 1 8   660.0  684.0
 56 3989.682855 2.733E-31 1.156E+00.05240.056 2674.43250.75-.005323              3              1                    P 18      4756831011 5 5 2 8   420.0  444.0
 56 3993.988515 8.055E-29 3.606E-01.04650.049 1349.75690.67-.005589              2              0                    P 27      4756231011 5 5 1 8   636.0  660.0
 56 3994.279107 3.537E-31 1.167E+00.05310.057 2610.70340.75-.005284              3              1                    P 17      4756831011 5 5 2 8   396.0  420.0
 56 3998.814675 4.484E-31 1.178E+00.05380.058 2550.50220.76-.005241              3              1                    P 16      4756831011 5 5 2 8   372.0  396.0
 56 3999.156738 1.244E-28 3.636E-01.04710.050 1253.54640.67-.005563              2              0                    P 26      4756231011 5 5 1 8   612.0  636.0
 56 4003.289433 5.567E-31 1.190E+00.05450.059 2493.83110.76-.005194              3              1                    P 15      4756831011 5 5 2 8   348.0  372.0
 56 4004.265413 1.888E-28 3.666E-01.04770.051 1160.87000.67-.005537              2              0                    P 25      4756231011 5 5 1 8   588.0  612.0
 56 4007.703252 6.761E-31 1.202E+00.05530.059 2440.69210.77-.005142              3              1                    P 14      4756831011 5 5 2 8   324.0  348.0
 56 4009.314415 2.809E-28 3.698E-01.04830.051 1071.73120.67-.005510              2              0                    P 24      4756231011 5 5 1 8   564.0  588.0
 56 4012.056006 8.034E-31 1.214E+00.05610.060 2391.08710.78-.005083              3              1                    P 13      4756831011 5 5 2 8   300.0  324.0
 56 4014.303617 4.102E-28 3.729E-01.04900.052  986.13300.67-.005483              2              0                    P 23      4756231011 5 5 1 8   540.0  564.0
 56 4016.347569 9.328E-31 1.227E+00.05690.062 2345.01790.78-.005016              3              1                    P 12      4756831011 5 5 2 8   276.0  300.0
 56 4019.232892 5.877E-28 3.762E-01.04960.053  904.07850.67-.005454              2              0                    P 22      4756231011 5 5 1 8   516.0  540.0
 56 4020.577813 1.057E-30 1.241E+00.05770.063 2302.48610.79-.004939              3              1                    P 11      4756831011 5 5 2 8   252.0  276.0
 56 4024.102115 8.258E-28 3.795E-01.05030.053  825.57070.67-.005424              2              0                    P 21      4756231011 5 5 1 8   492.0  516.0
 56 4024.746612 1.168E-30 1.257E+00.05860.064 2263.49320.79-.004850              3              1                    P 10      4756831011 5 5 2 8   228.0  252.0
 56 4028.853837 1.256E-30 1.274E+00.05950.065 2228.04070.79-.004746              3              1                    P  9      4756831011 5 5 2 8   204.0  228.0
 56 4028.911157 1.138E-27 3.828E-01.05100.054  750.61220.67-.005392              2              0                    P 20      4756631011 5 5 1 8   468.0  492.0
 56 4032.899363 1.311E-30 1.293E+00.06060.066 2196.12990.79-.004623              3              1                    P  8      4756831011 5 5 2 8   180.0  204.0
 56 4033.659894 1.538E-27 3.863E-01.05170.055  679.20590.67-.005359              2              0                    P 19      4756631011 5 5 1 8   444.0  468.0
 56 4036.883062 1.323E-30 1.315E+00.06180.068 2167.76180.78-.004478              3              1                    P  7      4756831011 5 5 2 8   156.0  180.0
 56 4038.348197 2.037E-27 3.898E-01.05240.056  611.35410.68-.005323              2              0                    P 18      4756631011 5 5 1 8   420.0  444.0
 56 4040.804806 1.287E-30 1.342E+00.06320.069 2142.93750.77-.004303              3              1                    P  6      4756831011 5 5 2 8   132.0  156.0
 56 4042.975941 2.644E-27 3.935E-01.05310.057  547.05940.69-.005284              2              0                    P 17      4756631011 5 5 1 8   396.0  420.0
 56 4044.664470 1.196E-30 1.377E+00.06510.071 2121.65780.76-.004091              3              1                    P  5      4756831011 5 5 2 8   108.0  132.0
 56 4047.542997 3.360E-27 3.972E-01.05380.058  486.32410.70-.005241              2              0                    P 16      4756631011 5 5 1 8   372.0  396.0
 56 4048.461924 1.049E-30 1.427E+00.06770.074 2103.92360.76-.003831              3              1                    P  4      4756831011 5 5 2 8    84.0  108.0
 56 4052.049240 4.183E-27 4.011E-01.05450.059  429.15010.71-.005194              2              0                    P 15      4756631011 5 5 1 8   348.0  372.0
 56 4052.197043 8.472E-31 1.510E+00.07120.077 2089.73550.77-.003510              3              1                    P  3      4756831011 5 5 2 8    60.0   84.0
 56 4055.869699 5.984E-31 1.690E+00.07570.081 2079.09400.77-.003108              3              1                    P  2      4756831011 5 5 2 8    36.0   60.0
 56 4056.494542 5.092E-27 4.052E-01.05530.059  375.53980.72-.005142              2              0                    P 14      4756631011 5 5 1 8   324.0  348.0
 56 4059.479764 3.114E-31 2.554E+00.08030.087 2071.99940.78-.002599              3              1                    P  1      4756831011 5 5 2 8    12.0   36.0
 56 4060.878776 6.063E-27 4.094E-01.05610.060  325.49480.73-.005083              2              0                    P 13      4756631011 5 5 1 8   300.0  324.0
 56 4065.201815 7.055E-27 4.139E-01.05690.062  279.01700.74-.005016              2              0                    P 12      4756631011 5 5 1 8   276.0  300.0
 56 4066.511616 3.204E-31 8.640E-01.08030.087 2068.45200.78-.003557              3              1                    R  0      4756831011 5 5 2 8    36.0   12.0
 56 4069.463531 8.010E-27 4.187E-01.05770.063  236.10810.75-.004939              2              0                    P 11      4756631011 5 5 1 8   252.0  276.0
 56 4069.933148 6.336E-31 1.044E+00.07570.081 2071.99940.78-.003598              3              1                    R  1      4756831011 5 5 2 8    60.0   36.0
 56 4073.291581 9.233E-31 1.127E+00.07120.077 2079.09400.77-.003625              3              1                    R  2      4756831011 5 5 2 8    84.0   60.0
 56 4073.663798 8.865E-27 4.239E-01.05860.064  196.76960.75-.004850              2              0                    P 10      4756631011 5 5 1 8   228.0  252.0
 56 4076.586788 1.176E-30 1.178E+00.06770.074 2089.73550.76-.003650              3              1                    R  3      4756831011 5 5 2 8   108.0   84.0
 56 4077.802489 9.547E-27 4.297E-01.05950.065  161.00280.75-.004746              2              0                    P  9      4756631011 5 5 1 8   204.0  228.0
 56 4079.818641 1.380E-30 1.214E+00.06510.071 2103.92360.76-.003678              3              1                    R  4      4756831011 5 5 2 8   132.0  108.0
 56 4081.879475 9.981E-27 4.361E-01.06060.066  128.80910.75-.004623              2              0                    P  8      4756631011 5 5 1 8   180.0  204.0
 56 4082.987014 1.528E-30 1.241E+00.06320.069 2121.65780.77-.003714              3              1                    R  5      4756831011 5 5 2 8   156.0  132.0
 56 4085.894631 1.009E-26 4.437E-01.06180.068  100.18960.75-.004478              2              0                    P  7      4756631011 5 5 1 8   156.0  180.0
 56 4086.091779 1.617E-30 1.264E+00.06180.068 2142.93750.78-.003759              3              1                    R  6      4756831011 5 5 2 8   180.0  156.0
 56 4089.132810 1.647E-30 1.284E+00.06060.066 2167.76180.79-.003813              3              1                    R  7      4756831011 5 5 2 8   204.0  180.0
 56 4089.847828 9.824E-27 4.528E-01.06320.069   75.14530.74-.004303              2              0                    P  6      4756631011 5 5 1 8   132.0  156.0
 56 4092.109979 1.624E-30 1.302E+00.05950.065 2196.12990.79-.003875              3              1                    R  8      4756831011 5 5 2 8   228.0  204.0
 56 4093.738939 9.138E-27 4.647E-01.06510.071   53.67720.74-.004091              2              0                    P  5      4756631011 5 5 1 8   108.0  132.0
 56 4095.023158 1.554E-30 1.319E+00.05860.064 2228.04070.78-.003945              3              1                    R  9      4756831011 5 5 2 8   252.0  228.0
 56 4097.567838 8.022E-27 4.816E-01.06770.074   35.78580.74-.003831              2              0                    P  4      4756631011 5 5 1 8    84.0  108.0
 56 4097.872222 1.448E-30 1.334E+00.05770.063 2263.49320.78-.004022              3              1                    R 10      4756831011 5 5 2 8   276.0  252.0
 56 4100.657044 1.314E-30 1.349E+00.05690.062 2302.48610.77-.004104              3              1                    R 11      4756831011 5 5 2 8   300.0  276.0
 56 4101.334396 6.485E-27 5.095E-01.07120.077   21.47200.74-.003510              2              0                    P  3      4756631011 5 5 1 8    60.0   84.0
 56 4103.377495 1.165E-30 1.363E+00.05610.060 2345.01790.77-.004190              3              1                    R 12      4756831011 5 5 2 8   324.0  300.0
 56 4105.038486 4.583E-27 5.704E-01.07570.081   10.73620.75-.003108              2              0                    P  2      4756631011 5 5 1 8    36.0   60.0
 56 4106.033450 1.009E-30 1.377E+00.05530.059 2391.08710.76-.004280              3              1                    R 13      4756831011 5 5 2 8   348.0  324.0
 56 4108.624781 8.543E-31 1.390E+00.05450.059 2440.69210.76-.004372              3              1                    R 14      4756831011 5 5 2 8   372.0  348.0
 56 4108.679982 2.386E-27 8.620E-01.08030.087    3.57880.76-.002599              2              0                    P  1      4756631011 5 5 1 8    12.0   36.0
 56 4111.151361 7.084E-31 1.403E+00.05380.058 2493.83110.75-.004467              3              1                    R 15      4756831011 5 5 2 8   396.0  372.0
 56 4113.613064 5.749E-31 1.415E+00.05310.057 2550.50220.75-.004562              3              1                    R 16      4756831011 5 5 2 8   420.0  396.0
 56 4115.774681 2.456E-27 2.917E-01.08030.087    0.00000.76-.003557              2              0                    R  0      4756631011 5 5 1 8    36.0   12.0
 56 4116.009764 4.571E-31 1.428E+00.05240.056 2610.70340.74-.004658              3              1                    R 17      4756831011 5 5 2 8   444.0  420.0
 56 4118.341332 3.560E-31 1.440E+00.05170.055 2674.43250.74-.004754              3              1                    R 18      4756831011 5 5 2 8   468.0  444.0
 56 4119.227630 4.856E-27 3.526E-01.07570.081    3.57880.75-.003598              2              0                    R  1      4756631011 5 5 1 8    60.0   36.0
 56 4120.607643 2.719E-31 1.453E+00.05100.054 2741.68710.73-.004850              3              1                    R 19      4756831011 5 5 2 8   492.0  468.0
 56 4122.617474 7.076E-27 3.807E-01.07120.077   10.73620.74-.003625              2              0                    R  2      4756631011 5 5 1 8    84.0   60.0
 56 4122.808569 2.036E-31 1.465E+00.05030.053 2812.46500.73-.004945              3              1                    R 20      4756831011 5 5 2 8   516.0  492.0
 56 4124.943985 1.496E-31 1.477E+00.04960.053 2886.76350.72-.005039              3              1                    R 21      4756831011 5 5 2 8   540.0  516.0
 56 4125.944088 9.006E-27 3.977E-01.06770.074   21.47200.74-.003650              2              0                    R  3      4756631011 5 5 1 8   108.0   84.0
 56 4127.013763 1.078E-31 1.489E+00.04900.052 2964.58000.72-.005132              3              1                    R 22      4756831011 5 5 2 8   564.0  540.0
 56 4129.207345 1.056E-26 4.098E-01.06510.071   35.78580.74-.003678              2              0                    R  4      4756631011 5 5 1 8   132.0  108.0
 56 4132.407116 1.169E-26 4.192E-01.06320.069   53.67720.74-.003714              2              0                    R  5      4756631011 5 5 1 8   156.0  132.0
 56 4135.543275 1.236E-26 4.271E-01.06180.068   75.14530.75-.003759              2              0                    R  6      4756631011 5 5 1 8   180.0  156.0
 56 4138.615695 1.258E-26 4.339E-01.06060.066  100.18960.75-.003813              2              0                    R  7      4756631011 5 5 1 8   204.0  180.0
 56 4141.624250 1.239E-26 4.400E-01.05950.065  128.80910.75-.003875              2              0                    R  8      4756631011 5 5 1 8   228.0  204.0
 56 4144.568811 1.184E-26 4.456E-01.05860.064  161.00280.75-.003945              2              0                    R  9      4756631011 5 5 1 8   252.0  228.0
 56 4147.449252 1.101E-26 4.508E-01.05770.063  196.76960.75-.004022              2              0                    R 10      4756631011 5 5 1 8   276.0  252.0
 56 4150.265447 9.981E-27 4.558E-01.05690.062  236.10810.74-.004104              2              0                    R 11      4756631011 5 5 1 8   300.0  276.0
 56 4153.017269 8.832E-27 4.606E-01.05610.060  279.01700.73-.004190              2              0                    R 12      4756631011 5 5 1 8   324.0  300.0
 56 4155.704590 7.634E-27 4.653E-01.05530.059  325.49480.72-.004280              2              0                    R 13      4756631011 5 5 1 8   348.0  324.0
 56 4158.327284 6.451E-27 4.698E-01.05450.059  375.53980.71-.004372              2              0                    R 14      4756631011 5 5 1 8   372.0  348.0
 56 4160.885224 5.336E-27 4.742E-01.05380.058  429.15010.70-.004467              2              0                    R 15      4756631011 5 5 1 8   396.0  372.0
 56 4163.378284 4.319E-27 4.785E-01.05310.057  486.32410.69-.004562              2              0                    R 16      4756631011 5 5 1 8   420.0  396.0
 56 4165.806338 3.426E-27 4.828E-01.05240.056  547.05940.68-.004658              2              0                    R 17      4756631011 5 5 1 8   444.0  420.0
 56 4168.169258 2.662E-27 4.871E-01.05170.055  611.35410.67-.004754              2              0                    R 18      4756631011 5 5 1 8   468.0  444.0
 56 4170.466919 2.028E-27 4.913E-01.05100.054  679.20590.67-.004850              2              0                    R 19      4756631011 5 5 1 8   492.0  468.0
 56 4172.699193 1.514E-27 4.954E-01.05030.053  750.61220.67-.004945              2              0                    R 20      4756231011 5 5 1 8   516.0  492.0
 56 4174.865955 1.108E-27 4.996E-01.04960.053  825.57070.67-.005039              2              0                    R 21      4756231011 5 5 1 8   540.0  516.0
 56 4176.967078 7.964E-28 5.037E-01.04900.052  904.07850.67-.005132              2              0                    R 22      4756231011 5 5 1 8   564.0  540.0
 56 4179.002436 5.613E-28 5.078E-01.04830.051  986.13300.67-.005224              2              0                    R 23      4756231011 5 5 1 8   588.0  564.0
 56 4180.971903 3.880E-28 5.119E-01.04770.051 1071.73120.67-.005314              2              0                    R 24      4756231011 5 5 1 8   612.0  588.0
 56 4182.875352 2.633E-28 5.160E-01.04710.050 1160.87000.67-.005402              2              0                    R 25      4756231011 5 5 1 8   636.0  612.0
 56 4184.712658 1.754E-28 5.201E-01.04650.049 1253.54640.67-.005489              2              0                    R 26      4756231011 5 5 1 8   660.0  636.0
 56 4186.483694 1.146E-28 5.242E-01.04600.049 1349.75690.67-.005574              2              0                    R 27      4756231011 5 5 1 8   684.0  660.0
 56 4188.188335 7.361E-29 5.283E-01.04540.048 1449.49820.67-.005656              2              0                    R 28      4756231011 5 5 1 8   708.0  684.0
 56 4189.826454 4.637E-29 5.323E-01.04480.047 1552.76660.67-.005738              2              0                    R 29      4756231011 5 5 1 8   732.0  708.0
 56 4191.397926 2.870E-29 5.364E-01.04430.047 1659.55870.67-.005817              2              0                    R 30      4756231011 5 5 1 8   756.0  732.0
 56 4192.902625 1.744E-29 5.405E-01.04380.046 1769.87040.67-.005894              2              0                    R 31      4756231011 5 5 1 8   780.0  756.0
 56 4194.340424 1.041E-29 5.446E-01.04320.046 1883.69800.67-.005969              2              0                    R 32      4756231011 5 5 1 8   804.0  780.0
 56 4195.711199 6.100E-30 5.488E-01.04270.045 2001.03730.67-.006043              2              0                    R 33      4756231011 5 5 1 8   828.0  804.0
 56 4197.014823 3.514E-30 5.529E-01.04220.045 2121.88420.67-.006115              2              0                    R 34      4756231011 5 5 1 8   852.0  828.0
 56 4198.251170 1.988E-30 5.570E-01.04170.044 2246.23440.67-.006185              2              0                    R 35      4756231011 5 5 1 8   876.0  852.0
 56 4199.420115 1.104E-30 5.611E-01.04130.044 2374.08340.67-.006253              2              0                    R 36      4756231011 5 5 1 8   900.0  876.0
 56 4200.521532 6.030E-31 5.653E-01.04080.043 2505.42670.67-.006319              2              0                    R 37      4756231011 5 5 1 8   924.0  900.0
 56 4201.555295 3.234E-31 5.695E-01.04030.043 2640.25960.67-.006384              2              0                    R 38      4756231011 5 5 1 8   948.0  924.0
 56 4202.521279 1.704E-31 5.736E-01.03990.042 2778.57730.67-.006447              2              0                    R 39      4756231011 5 5 1 8   972.0  948.0
 56 5989.937306 1.573E-31 3.949E-03.04540.048 1552.76660.67-.008462              3              0                    P 29      4756631013 5 5 1 8   684.0  708.0
 56 5996.104048 2.535E-31 4.003E-03.04600.049 1449.49820.67-.008411              3              0                    P 28      4956631013 5 5 1 8   660.0  684.0
 56 6002.180071 4.013E-31 4.056E-03.04650.049 1349.75690.67-.008358              3              0                    P 27      4956631013 5 5 1 8   636.0  660.0
 56 6008.165251 6.235E-31 4.111E-03.04710.050 1253.54640.67-.008304              3              0                    P 26      4956631013 5 5 1 8   612.0  636.0
 56 6014.059461 9.509E-31 4.168E-03.04770.051 1160.87000.67-.008250              3              0                    P 25      4956631013 5 5 1 8   588.0  612.0
 56 6019.862574 1.423E-30 4.225E-03.04830.051 1071.73120.67-.008194              3              0                    P 24      4956631013 5 5 1 8   564.0  588.0
 56 6025.574466 2.091E-30 4.284E-03.04900.052  986.13300.67-.008136              3              0                    P 23      4956631013 5 5 1 8   540.0  564.0
 56 6031.195009 3.013E-30 4.343E-03.04960.053  904.07850.67-.008077              3              0                    P 22      4956631013 5 5 1 8   516.0  540.0
 56 6036.724077 4.259E-30 4.405E-03.05030.053  825.57070.67-.008016              3              0                    P 21      4956631013 5 5 1 8   492.0  516.0
 56 6042.161544 5.906E-30 4.467E-03.05100.054  750.61220.67-.007953              3              0                    P 20      4956631013 5 5 1 8   468.0  492.0
 56 6047.507283 8.027E-30 4.532E-03.05170.055  679.20590.67-.007887              3              0                    P 19      4956631013 5 5 1 8   444.0  468.0
 56 6052.761168 1.069E-29 4.598E-03.05240.056  611.35410.68-.007818              3              0                    P 18      4956631013 5 5 1 8   420.0  444.0
 56 6057.923071 1.396E-29 4.665E-03.05310.057  547.05940.69-.007745              3              0                    P 17      4956631013 5 5 1 8   396.0  420.0
 56 6062.992866 1.786E-29 4.736E-03.05380.058  486.32410.70-.007668              3              0                    P 16      4956631013 5 5 1 8   372.0  396.0
 56 6067.970426 2.235E-29 4.808E-03.05450.059  429.15010.71-.007586              3              0                    P 15      4956631013 5 5 1 8   348.0  372.0
 56 6072.855623 2.739E-29 4.884E-03.05530.059  375.53980.72-.007497              3              0                    P 14      4956631013 5 5 1 8   324.0  348.0
 56 6077.648332 3.282E-29 4.962E-03.05610.060  325.49480.73-.007401              3              0                    P 13      4956631013 5 5 1 8   300.0  324.0
 56 6082.348424 3.841E-29 5.044E-03.05690.062  279.01700.74-.007296              3              0                    P 12      4956631013 5 5 1 8   276.0  300.0
 56 6086.955773 4.388E-29 5.130E-03.05770.063  236.10810.75-.007179              3              0                    P 11      4956631013 5 5 1 8   252.0  276.0
 56 6091.470251 4.885E-29 5.223E-03.05860.064  196.76960.75-.007049              3              0                    P 10      4956631013 5 5 1 8   228.0  252.0
 56 6095.891732 5.293E-29 5.323E-03.05950.065  161.00280.75-.006901              3              0                    P  9      4956631013 5 5 1 8   204.0  228.0
 56 6100.220087 5.566E-29 5.434E-03.06060.066  128.80910.75-.006732              3              0                    P  8      4956631013 5 5 1 8   180.0  204.0
 56 6104.455190 5.664E-29 5.559E-03.06180.068  100.18960.75-.006537              3              0                    P  7      4956631013 5 5 1 8   156.0  180.0
 56 6108.596914 5.549E-29 5.705E-03.06320.069   75.14530.74-.006307              3              0                    P  6      4956631013 5 5 1 8   132.0  156.0
 56 6112.645131 5.194E-29 5.888E-03.06510.071   53.67720.74-.006033              3              0                    P  5      4956631013 5 5 1 8   108.0  132.0
 56 6116.599714 4.587E-29 6.136E-03.06770.074   35.78580.74-.005701              3              0                    P  4      4956631013 5 5 1 8    84.0  108.0
 56 6120.460535 3.732E-29 6.529E-03.07120.077   21.47200.74-.005293              3              0                    P  3      4956631013 5 5 1 8    60.0   84.0
 56 6124.227468 2.653E-29 7.351E-03.07570.081   10.73620.75-.004784              3              0                    P  2      4956631013 5 5 1 8    36.0   60.0
 56 6127.900385 1.390E-29 1.117E-02.08030.087    3.57880.76-.004137              3              0                    P  1      4956631013 5 5 1 8    12.0   36.0
 56 6134.963663 1.449E-29 3.823E-03.08030.087    0.00000.76-.005096              3              0                    R  0      4956631013 5 5 1 8    36.0   12.0
 56 6138.353769 2.883E-29 4.649E-03.07570.081    3.57880.75-.005275              3              0                    R  1      4956631013 5 5 1 8    60.0   36.0
 56 6141.649351 4.227E-29 5.047E-03.07120.077   10.73620.74-.005409              3              0                    R  2      4956631013 5 5 1 8    84.0   60.0
 56 6144.850280 5.414E-29 5.305E-03.06770.074   21.47200.74-.005520              3              0                    R  3      4956631013 5 5 1 8   108.0   84.0
 56 6147.956431 6.390E-29 5.497E-03.06510.071   35.78580.74-.005620              3              0                    R  4      4956631013 5 5 1 8   132.0  108.0
 56 6150.967675 7.117E-29 5.656E-03.06320.069   53.67720.74-.005718              3              0                    R  5      4956631013 5 5 1 8   156.0  132.0
 56 6153.883887 7.572E-29 5.794E-03.06180.068   75.14530.75-.005818              3              0                    R  6      4956631013 5 5 1 8   180.0  156.0
 56 6156.704938 7.757E-29 5.920E-03.06060.066  100.18960.75-.005922              3              0                    R  7      4956631013 5 5 1 8   204.0  180.0
 56 6159.430703 7.687E-29 6.039E-03.05950.065  128.80910.75-.006030              3              0                    R  8      4956631013 5 5 1 8   228.0  204.0
 56 6162.061053 7.394E-29 6.152E-03.05860.064  161.00280.75-.006144              3              0                    R  9      4956631013 5 5 1 8   252.0  228.0
 56 6164.595862 6.921E-29 6.260E-03.05770.063  196.76960.75-.006262              3              0                    R 10      4956631013 5 5 1 8   276.0  252.0
 56 6167.035003 6.314E-29 6.367E-03.05690.062  236.10810.74-.006383              3              0                    R 11      4956631013 5 5 1 8   300.0  276.0
 56 6169.378350 5.621E-29 6.470E-03.05610.060  279.01700.73-.006508              3              0                    R 12      4956631013 5 5 1 8   324.0  300.0
 56 6171.625775 4.891E-29 6.574E-03.05530.059  325.49480.72-.006635              3              0                    R 13      4956631013 5 5 1 8   348.0  324.0
 56 6173.777152 4.160E-29 6.676E-03.05450.059  375.53980.71-.006764              3              0                    R 14      4956631013 5 5 1 8   372.0  348.0
 56 6175.832354 3.462E-29 6.779E-03.05380.058  429.15010.70-.006894              3              0                    R 15      4956631013 5 5 1 8   396.0  372.0
 56 6177.791255 2.821E-29 6.881E-03.05310.057  486.32410.69-.007024              3              0                    R 16      4956631013 5 5 1 8   420.0  396.0
 56 6179.653727 2.252E-29 6.982E-03.05240.056  547.05940.68-.007154              3              0                    R 17      4956631013 5 5 1 8   444.0  420.0
 56 6181.419645 1.760E-29 7.085E-03.05170.055  611.35410.67-.007283              3              0                    R 18      4956631013 5 5 1 8   468.0  444.0
 56 6183.088881 1.350E-29 7.189E-03.05100.054  679.20590.67-.007411              3              0                    R 19      4956631013 5 5 1 8   492.0  468.0
 56 6184.661309 1.014E-29 7.291E-03.05030.053  750.61220.67-.007538              3              0                    R 20      4956631013 5 5 1 8   516.0  492.0
 56 6186.136804 7.474E-30 7.395E-03.04960.053  825.57070.67-.007663              3              0                    R 21      4956631013 5 5 1 8   540.0  516.0
 56 6187.515237 5.404E-30 7.500E-03.04900.052  904.07850.67-.007786              3              0                    R 22      4956631013 5 5 1 8   564.0  540.0
 56 6188.796483 3.833E-30 7.605E-03.04830.051  986.13300.67-.007907              3              0                    R 23      4956631013 5 5 1 8   588.0  564.0
 56 6189.980416 2.666E-30 7.712E-03.04770.051 1071.73120.67-.008027              3              0                    R 24      4956631013 5 5 1 8   612.0  588.0
 56 6191.066909 1.821E-30 7.820E-03.04710.050 1160.87000.67-.008143              3              0                    R 25      4956631013 5 5 1 8   636.0  612.0
 56 6192.055835 1.221E-30 7.928E-03.04650.049 1253.54640.67-.008258              3              0                    R 26      4956631013 5 5 1 8   660.0  636.0
 56 6192.947069 8.032E-31 8.036E-03.04600.049 1349.75690.67-.008370              3              0                    R 27      4956631013 5 5 1 8   684.0  660.0
 56 6193.740484 5.188E-31 8.146E-03.04540.048 1449.49820.67-.008480              3              0                    R 28      4956631013 5 5 1 8   708.0  684.0
 56 6194.435954 3.291E-31 8.258E-03.04480.047 1552.76660.67-.008588              3              0                    R 29      4756631013 5 5 1 8   732.0  708.0
 56 6195.033352 2.050E-31 8.370E-03.04430.047 1659.55870.67-.008693              3              0                    R 30      4756631013 5 5 1 8   756.0  732.0
 56 6195.532553 1.254E-31 8.484E-03.04380.046 1769.87040.67-.008795              3              0                    R 31      4756631013 5 5 1 8   780.0  756.0
 56 8079.922330 1.084E-31 2.235E-05.05770.063  236.10810.75-.009419              4              0                    P 11      4756631011 5 5 1 8   252.0  276.0
 56 8084.750994 1.236E-31 2.328E-05.05860.064  196.76960.75-.009248              4              0                    P 10      4756631011 5 5 1 8   228.0  252.0
 56 8089.455241 1.370E-31 2.427E-05.05950.065  161.00280.75-.009057              4              0                    P  9      4756631011 5 5 1 8   204.0  228.0
 56 8094.034945 1.475E-31 2.534E-05.06060.066  128.80910.75-.008842              4              0                    P  8      4756631011 5 5 1 8   180.0  204.0
 56 8098.489978 1.535E-31 2.650E-05.06180.068  100.18960.75-.008596              4              0                    P  7      4756631011 5 5 1 8   156.0  180.0
 56 8102.820213 1.537E-31 2.780E-05.06320.069   75.14530.74-.008311              4              0                    P  6      4756631011 5 5 1 8   132.0  156.0
 56 8107.025522 1.470E-31 2.932E-05.06510.071   53.67720.74-.007975              4              0                    P  5      4756631011 5 5 1 8   108.0  132.0
 56 8111.105779 1.327E-31 3.122E-05.06770.074   35.78580.74-.007571              4              0                    P  4      4756631011 5 5 1 8    84.0  108.0
 56 8115.060856 1.103E-31 3.392E-05.07120.077   21.47200.74-.007077              4              0                    P  3      4756631011 5 5 1 8    60.0   84.0
 56 8136.155416 1.411E-31 2.959E-05.07120.077   10.73620.74-.007193              4              0                    R  2      4756631011 5 5 1 8    84.0   60.0
 56 8139.230671 1.844E-31 3.169E-05.06770.074   21.47200.74-.007390              4              0                    R  3      4756631011 5 5 1 8   108.0   84.0
 56 8142.179729 2.219E-31 3.347E-05.06510.071   35.78580.74-.007563              4              0                    R  4      4756631011 5 5 1 8   132.0  108.0
 56 8145.002463 2.518E-31 3.509E-05.06320.069   53.67720.74-.007723              4              0                    R  5      4756631011 5 5 1 8   156.0  132.0
 56 8147.698745 2.731E-31 3.663E-05.06180.068   75.14530.75-.007877              4              0                    R  6      4756631011 5 5 1 8   180.0  156.0
 56 8150.268448 2.850E-31 3.812E-05.06060.066  100.18960.75-.008031              4              0                    R  7      4756631011 5 5 1 8   204.0  180.0
 56 8152.711445 2.877E-31 3.959E-05.05950.065  128.80910.75-.008186              4              0                    R  8      4756631011 5 5 1 8   228.0  204.0
 56 8155.027609 2.818E-31 4.106E-05.05860.064  161.00280.75-.008343              4              0                    R  9      4756631011 5 5 1 8   252.0  228.0
 56 8157.216814 2.686E-31 4.253E-05.05770.063  196.76960.75-.008502              4              0                    R 10      4756631011 5 5 1 8   276.0  252.0
 56 8159.278932 2.494E-31 4.402E-05.05690.062  236.10810.74-.008663              4              0                    R 11      4756631011 5 5 1 8   300.0  276.0
 56 8161.213836 2.260E-31 4.552E-05.05610.060  279.01700.73-.008826              4              0                    R 12      4756631011 5 5 1 8   324.0  300.0
 56 8163.021399 2.000E-31 4.704E-05.05530.059  325.49480.72-.008991              4              0                    R 13      4756631011 5 5 1 8   348.0  324.0
 56 8164.701495 1.731E-31 4.859E-05.05450.059  375.53980.71-.009156              4              0                    R 14      4756631011 5 5 1 8   372.0  348.0
 56 8166.253996 1.466E-31 5.017E-05.05380.058  429.15010.70-.009321              4              0                    R 15      4756631011 5 5 1 8   396.0  372.0
 56 8167.678776 1.214E-31 5.177E-05.05310.057  486.32410.69-.009485              4              0                    R 16      4756631011 5 5 1 8   420.0  396.0
